conversation,segment,n_words,duration,gap,type
1,1,427,175.62,0.539999999999998,good
1,2,180,57.370000000000005,0.860000000000002,good
1,3,412,200.18,0.5800000000000051,good
1,4,265,88.11000000000001,3.4700000000000197,good
1,5,3,0.6100000000000136,0.24,good
1,6,2,0.09999999999990905,0.22,good
1,7,5,0.7899999999999636,0.54,good
1,10,107,35.10000000000002,0.7600000000000006,good
1,11,13,2.1399999999999864,0.12999999999999995,good
1,13,4,0.4900000000000091,0.3,good
1,14,44,16.0,0.030000000000000023,good
1,15,12,4.0,0.35999999999999993,good
1,16,4,1.4500000000000455,0.47,good
1,17,14,2.8099999999999454,0.09,good
1,18,119,47.289999999999964,1.719999999999999,good
1,20,36,21.59999999999991,0.21,good
1,21,3,0.3100000000000591,0.03,good
1,22,186,71.68999999999994,0.03000000000000001,good
2,1,2,0.11000000000001364,0.19,good
2,2,206,80.72,0.48999999999999855,good
2,4,55,21.269999999999982,0.9500000000000007,good
2,5,2,0.23999999999998067,0.4,good
2,6,243,73.28,0.8400000000000029,good
2,7,88,31.22999999999996,0.49,good
2,9,551,179.80000000000007,0.14000000000000049,good
2,10,2,0.13999999999998636,0.54,good
2,11,82,29.5,0.029999999999999985,good
2,12,186,56.08000000000004,0.8600000000000023,good
2,13,214,176.3499999999999,0.5300000000000009,good
2,14,93,28.56000000000006,1.8199999999999958,good
3,2,17,6.690000000000005,0.04,good
3,4,42,20.040000000000006,0.3000000000000002,good
3,6,28,14.16000000000001,0.9899999999999994,good
3,8,14,6.429999999999993,0.78,good
3,9,2,0.28000000000000114,0.61,good
3,10,7,1.1199999999999903,0.39000000000000007,good
3,11,21,9.630000000000024,6.540000000000003,good
3,12,18,6.480000000000018,3.549999999999999,good
3,13,4,0.6100000000000136,0.58,good
3,14,20,8.099999999999994,0.9299999999999999,good
3,16,13,6.490000000000009,1.41,good
3,17,29,15.289999999999992,1.32,good
3,18,2,0.6599999999999966,1.98,good
3,19,20,5.819999999999993,0.030000000000000016,good
3,20,4,0.4000000000000057,2.29,good
3,21,9,1.3700000000000045,0.19999999999999998,good
3,22,23,8.110000000000014,0.030000000000000016,good
3,23,6,0.8499999999999943,2.07,good
3,24,4,0.5999999999999943,6.45,good
3,25,59,23.50999999999999,0.5300000000000004,good
3,27,6,3.2399999999999807,0.29,good
3,28,228,68.22,1.699999999999993,good
3,29,117,42.78000000000003,0.6300000000000004,good
3,30,22,7.149999999999977,1.1700000000000004,good
3,32,3,1.419999999999959,0.3,good
3,33,18,9.32000000000005,0.22000000000000008,good
3,35,26,7.899999999999977,0.03000000000000002,good
3,36,11,3.400000000000034,1.4000000000000001,good
3,38,12,3.509999999999991,0.03000000000000001,good
3,40,47,18.25999999999999,0.060000000000000046,good
3,41,8,2.4599999999999795,0.3,good
3,42,5,1.4300000000000068,0.33,good
3,43,14,3.6899999999999977,0.03000000000000001,good
3,44,10,1.829999999999984,1.3900000000000001,good
3,46,10,5.6200000000000045,0.9000000000000001,good
3,47,43,12.449999999999989,0.2799999999999999,good
3,48,15,4.680000000000007,0.9499999999999997,good
3,50,25,7.670000000000016,0.2999999999999999,good
3,51,7,3.6100000000000136,0.09999999999999999,good
3,52,24,9.060000000000002,0.16999999999999996,good
3,54,12,3.0,0.12999999999999998,good
3,55,8,2.819999999999993,0.16,good
3,56,4,0.4700000000000273,0.84,good
3,58,10,2.329999999999984,0.25,good
3,59,20,6.9500000000000455,0.6099999999999999,good
3,60,6,1.089999999999975,0.11,good
3,61,2,0.18000000000000682,0.25,good
3,62,19,8.759999999999991,0.10000000000000003,good
3,64,193,55.559999999999945,0.8300000000000013,good
3,65,19,4.759999999999991,0.7300000000000002,good
3,66,4,1.0299999999999727,0.36,good
3,67,16,2.8299999999999272,1.9600000000000006,good
3,68,32,8.909999999999968,0.10999999999999997,good
3,69,5,2.0,0.67,good
3,70,25,6.319999999999936,0.26999999999999985,good
3,71,17,5.3700000000000045,0.09000000000000001,good
3,73,2,0.2400000000000091,0.03,good
3,74,18,5.269999999999982,0.9399999999999997,good
3,76,16,4.710000000000036,0.38999999999999996,good
3,77,7,2.240000000000009,0.11,good
3,78,12,3.5399999999999636,1.6099999999999997,good
3,80,14,5.680000000000064,0.05,good
3,82,5,1.080000000000041,0.8800000000000001,good
3,83,17,6.949999999999932,1.3299999999999996,good
3,84,24,8.330000000000041,1.0,good
3,86,11,2.419999999999959,0.49000000000000016,good
3,87,14,8.690000000000055,1.5799999999999998,good
3,88,8,2.1900000000000546,0.17999999999999997,good
3,90,38,19.300000000000068,0.03000000000000002,good
3,92,3,0.5099999999999909,0.26,good
3,93,2,0.32000000000005,0.68,good
3,94,13,4.790000000000077,0.48000000000000015,good
3,97,40,14.259999999999991,0.8200000000000001,good
3,98,75,35.389999999999986,0.13000000000000006,good
4,1,33,7.730000000000004,0.5099999999999999,good
4,2,2,0.20000000000000284,0.07,good
4,4,69,18.75,0.4200000000000007,good
4,5,3,0.4399999999999977,0.43,good
4,6,120,37.870000000000005,0.5099999999999995,good
4,8,241,76.04999999999998,0.039999999999999876,good
4,9,2,0.23999999999998067,0.49,good
4,10,226,73.88999999999999,0.03000000000000005,good
4,11,166,54.56,0.7699999999999988,good
4,12,181,54.329999999999984,0.75,good
4,14,450,147.47000000000003,0.17000000000000132,good
4,15,173,51.260000000000105,1.6299999999999968,good
4,16,314,111.08000000000004,0.6999999999999964,good
4,18,233,72.46000000000004,0.030000000000000058,good
4,19,27,6.409999999999968,0.9499999999999995,good
4,20,2,0.38999999999998636,1.21,good
4,21,61,22.049999999999955,0.030000000000000023,good
5,2,101,30.2,0.02999999999999995,good
5,3,2,0.23999999999999488,0.65,good
5,5,8,1.5,0.09999999999999999,good
5,6,12,2.3200000000000003,0.08999999999999998,good
5,8,33,9.89,0.03000000000000002,good
5,9,8,1.8100000000000023,0.23,good
5,10,10,5.329999999999998,0.21000000000000002,good
5,12,12,2.1799999999999926,0.03000000000000001,good
5,13,2,0.1700000000000017,0.05,good
5,14,10,3.730000000000004,0.15999999999999998,good
5,15,2,0.21000000000000796,0.46,good
5,16,67,23.239999999999995,0.030000000000000023,good
5,17,16,2.8100000000000023,0.05000000000000001,good
5,18,19,5.6499999999999915,0.22000000000000008,good
5,19,2,0.11000000000001364,0.23,good
5,20,4,1.25,0.91,good
5,21,3,1.1699999999999875,0.17,good
5,22,42,15.889999999999986,0.3200000000000002,good
5,23,6,1.240000000000009,0.09999999999999999,good
5,24,9,2.5900000000000034,0.24000000000000002,good
5,26,54,16.349999999999994,0.15000000000000016,good
5,27,3,0.5800000000000125,0.31,good
5,28,38,11.310000000000002,0.4700000000000001,good
5,30,11,2.5999999999999943,0.14999999999999997,good
5,32,5,0.4300000000000068,0.27,good
5,34,53,16.629999999999995,0.3999999999999998,good
5,35,12,2.0999999999999943,0.4400000000000001,good
5,36,20,8.060000000000002,0.9399999999999998,good
5,37,6,0.6400000000000148,0.03,good
5,38,20,4.859999999999985,0.23000000000000007,good
5,39,6,1.079999999999984,0.6,good
5,40,190,57.109999999999985,1.6200000000000034,good
5,41,2,0.13999999999998636,0.24,good
5,42,10,2.6299999999999955,0.23000000000000004,good
5,43,643,192.99,0.6399999999999908,good
5,44,153,49.809999999999945,1.680000000000005,good
5,45,219,77.94999999999993,0.7199999999999991,good
5,46,2,0.6200000000000045,0.12,good
5,47,7,2.919999999999959,0.84,good
5,49,253,94.07000000000005,0.5300000000000009,good
5,50,2,0.06999999999993634,0.39,good
5,51,39,10.019999999999982,0.25999999999999984,good
5,52,10,2.2000000000000455,0.15999999999999998,good
5,53,36,13.590000000000032,0.25,good
5,54,171,54.72000000000003,0.6299999999999989,good
6,1,26,6.549999999999997,0.34999999999999987,good
6,2,2,0.3400000000000034,0.03,good
6,3,608,196.67999999999998,0.36000000000000537,good
6,4,93,29.600000000000023,0.7000000000000012,good
6,5,159,47.44999999999999,0.4799999999999995,good
6,6,2,0.19999999999998863,0.14,good
6,7,330,114.58000000000004,0.4799999999999991,good
6,8,341,97.04999999999995,0.46999999999999903,good
6,11,16,4.399999999999977,0.8499999999999998,good
6,12,24,5.730000000000018,0.18000000000000005,good
6,14,17,3.909999999999968,2.009999999999999,good
6,15,19,5.4500000000000455,0.59,good
6,16,26,7.779999999999973,0.23000000000000015,good
6,17,5,0.6200000000000045,1.39,good
6,18,13,2.8199999999999363,0.6799999999999998,good
6,19,6,1.009999999999991,2.26,good
6,22,27,7.180000000000064,0.19000000000000006,good
6,23,2,0.2199999999999136,1.58,good
6,24,23,7.720000000000027,0.11000000000000001,good
6,25,120,36.10000000000002,1.0400000000000027,good
6,26,42,12.800000000000068,1.549999999999999,good
6,27,18,3.919999999999959,0.45000000000000007,good
6,28,14,2.5399999999999636,0.03000000000000001,good
6,30,55,15.089999999999918,0.09999999999999994,good
6,31,16,5.469999999999914,0.20000000000000004,good
6,33,15,6.490000000000009,0.5499999999999999,good
6,34,4,1.0100000000001046,0.07,good
6,35,5,1.1899999999999409,0.43,good
6,36,37,14.92999999999995,0.3200000000000001,good
6,37,4,0.7599999999999909,1.9,good
6,38,10,2.2100000000000364,0.12000000000000002,good
6,39,19,4.3799999999999955,0.14000000000000007,good
6,40,3,0.40999999999996817,1.41,good
6,41,53,15.13000000000011,0.15000000000000016,good
6,42,2,0.13999999999998636,0.25,good
6,43,21,6.3700000000000045,5.769999999999998,good
7,1,9,2.75,0.030000000000000002,good
7,2,11,1.5300000000000011,0.25,good
7,3,10,3.469999999999999,2.32,good
7,4,25,7.8700000000000045,0.06000000000000003,good
7,5,18,3.969999999999999,0.25,good
7,6,4,0.480000000000004,0.03,good
7,7,8,1.1600000000000108,0.61,good
7,10,6,2.3699999999999903,3.8700000000000006,good
7,11,6,1.9500000000000028,0.7400000000000001,good
7,12,8,4.789999999999992,0.21,good
7,13,18,5.8700000000000045,1.4800000000000002,good
7,14,6,0.980000000000004,0.12,good
7,16,8,1.6300000000000097,0.03,good
7,17,8,1.9499999999999886,0.14,good
7,18,6,1.2199999999999989,0.39999999999999997,good
7,19,2,0.1599999999999966,0.64,good
7,21,7,1.5999999999999943,0.16,good
7,22,10,3.530000000000001,1.6800000000000002,good
7,23,2,0.38999999999998636,0.16,good
7,24,76,20.159999999999997,1.489999999999998,good
7,26,27,8.310000000000002,0.29999999999999993,good
7,27,2,0.539999999999992,0.16,good
7,28,16,2.9799999999999898,0.12000000000000005,good
7,29,2,0.37000000000000455,1.07,good
7,30,115,31.78,1.0400000000000025,good
7,31,63,17.640000000000015,0.6199999999999998,good
7,32,56,14.969999999999999,0.11000000000000008,good
7,33,3,0.75,0.44,good
7,34,13,6.070000000000022,0.31999999999999995,good
7,35,5,2.1500000000000057,0.06,good
7,36,4,1.3599999999999852,0.08,good
7,37,100,35.48000000000002,0.0599999999999999,good
7,38,103,39.110000000000014,0.08000000000000006,good
7,39,3,0.6999999999999886,0.29,good
7,40,3,0.6499999999999773,0.5,good
7,41,5,1.1299999999999955,0.19,good
7,42,2,0.1500000000000341,0.18,good
7,43,9,3.150000000000034,0.32,good
7,44,9,1.4300000000000068,0.28,good
7,45,2,0.13999999999998636,0.52,good
7,46,14,3.3999999999999773,0.05,good
7,47,3,0.660000000000025,0.19000000000000003,good
7,48,46,11.379999999999995,0.46999999999999986,good
7,49,18,5.4599999999999795,0.030000000000000013,good
7,50,23,6.430000000000007,1.0399999999999994,good
7,51,4,0.3900000000000432,0.26,good
7,52,2,0.12000000000000455,0.17,good
7,53,16,2.5600000000000023,0.11000000000000004,good
7,54,114,36.72000000000003,1.0999999999999976,good
7,55,246,78.32999999999998,0.3900000000000005,good
7,57,261,84.38000000000005,0.14999999999999927,good
7,58,193,62.58999999999992,0.709999999999998,good
7,59,131,44.51999999999998,0.49000000000000066,good
7,60,2,0.37999999999999545,0.03,good
7,61,302,119.60000000000002,0.05999999999999999,good
7,62,99,29.06000000000006,1.6200000000000023,good
8,1,2,0.14999999999999147,0.55,good
8,2,8,2.769999999999996,0.12,good
8,3,7,1.730000000000004,0.03,good
8,4,5,1.8900000000000006,0.12,good
8,5,5,2.239999999999995,0.13,good
8,6,4,1.059999999999988,0.03,good
8,7,3,0.7700000000000102,0.36000000000000004,good
8,8,16,3.5400000000000063,0.9000000000000002,good
8,9,2,0.480000000000004,0.17,good
8,10,111,33.46000000000001,0.1799999999999998,good
8,11,13,2.049999999999997,0.03000000000000001,good
8,12,24,7.749999999999986,0.88,good
8,13,8,1.8400000000000034,0.3,good
8,14,2,0.6800000000000068,0.27,good
8,15,8,2.0500000000000114,0.59,good
8,16,4,0.4900000000000091,0.17,good
8,17,8,1.2800000000000011,0.03,good
8,18,4,1.2199999999999989,0.13,good
8,19,6,1.0600000000000023,0.03,good
8,20,3,0.7199999999999989,0.05000000000000001,good
8,21,22,7.180000000000007,0.04000000000000001,good
8,22,4,1.1299999999999955,0.15,good
8,25,6,1.299999999999983,0.03,good
8,26,86,24.22999999999999,0.48999999999999994,good
8,28,18,5.569999999999993,0.08000000000000002,good
8,29,3,0.20000000000001705,0.51,good
8,30,3,0.47999999999998977,0.07,good
8,31,3,0.3800000000000239,0.03,good
8,32,145,46.629999999999995,0.2999999999999996,good
8,34,29,8.110000000000014,0.42,good
8,35,4,1.1599999999999966,0.04,good
8,36,2,0.14000000000001478,1.15,good
8,37,7,1.4800000000000182,0.08,good
8,39,2,0.10000000000002274,0.25,good
8,40,184,60.33000000000004,0.75,good
8,41,53,19.379999999999995,0.6700000000000009,good
8,42,4,3.230000000000018,0.04,good
8,43,2,1.1999999999999886,0.45,good
8,45,2,1.75,0.73,good
8,46,3,1.0400000000000205,0.3,good
8,47,4,2.009999999999991,0.41,good
8,48,2,0.3100000000000023,0.78,good
8,49,9,8.050000000000011,1.76,good
8,51,3,0.7999999999999545,0.16,good
8,52,3,0.6499999999999773,0.41,good
8,53,6,3.069999999999993,0.03,good
8,55,38,25.180000000000007,0.4299999999999998,good
8,57,13,11.25,0.03000000000000001,good
8,59,3,1.3799999999999955,0.84,good
8,61,25,22.16999999999996,0.9800000000000003,good
8,63,29,16.319999999999993,0.47000000000000014,good
8,64,2,0.25,0.29,good
8,65,100,46.940000000000055,0.09999999999999981,good
8,67,18,12.07000000000005,0.75,good
8,68,2,0.8300000000000409,0.04,good
8,70,12,5.080000000000041,0.5,good
8,71,186,54.49000000000001,1.5800000000000027,good
8,72,647,209.32000000000005,0.4199999999999957,good
8,73,52,18.25999999999999,1.2100000000000006,good
9,2,222,65.35,0.07999999999999988,good
9,4,43,13.149999999999991,0.030000000000000023,good
9,5,532,174.23999999999998,0.5600000000000019,good
9,6,229,69.71999999999997,0.5999999999999974,good
9,7,621,179.35000000000002,0.9499999999999992,good
9,8,475,145.90999999999997,0.6999999999999937,good
9,10,161,55.110000000000014,0.14000000000000032,good
9,11,2,0.2999999999999545,0.39,good
9,12,313,93.53000000000009,1.1800000000000055,good
9,13,3,0.5399999999999636,0.19000000000000003,good
9,14,37,14.969999999999914,0.21999999999999992,good
10,1,297,91.17000000000002,0.780000000000001,good
10,3,247,73.19,0.3799999999999993,good
10,4,458,171.59,1.830000000000013,good
10,5,2,0.19999999999998863,0.64,good
10,6,380,157.90000000000003,0.11999999999999947,good
10,7,46,16.99000000000001,0.66,good
10,8,2,0.20000000000004547,0.03,good
10,9,6,1.8399999999999181,0.42,good
10,11,100,33.729999999999905,1.9600000000000009,good
10,12,148,48.930000000000064,0.9000000000000025,good
10,13,27,11.949999999999932,1.0,good
10,14,253,89.91000000000008,0.21999999999999928,good
10,15,37,20.08000000000004,1.1199999999999999,good
11,2,2,0.240000000000002,0.4,good
11,3,21,7.319999999999993,0.29,good
11,5,19,6.36999999999999,0.18999999999999997,good
11,6,7,2.740000000000009,0.03,good
11,7,6,2.0799999999999983,0.12,good
11,8,14,3.0999999999999943,0.48000000000000015,good
11,9,23,8.269999999999996,0.2800000000000002,good
11,10,13,3.8799999999999955,0.29,good
11,11,2,0.3299999999999983,0.88,good
11,13,16,6.689999999999998,0.8200000000000002,good
11,14,19,3.9299999999999926,0.10000000000000003,good
11,15,3,0.5999999999999943,0.89,good
11,16,12,2.739999999999995,0.03000000000000001,good
11,18,5,1.1899999999999977,0.03,good
11,20,3,0.549999999999983,0.28,good
11,21,24,8.909999999999997,0.030000000000000016,good
11,22,3,0.6499999999999773,0.46,good
11,23,14,5.560000000000002,1.6700000000000002,good
11,25,10,3.039999999999992,0.030000000000000006,good
11,26,4,0.8400000000000034,0.45,good
11,27,47,14.439999999999998,0.22000000000000008,good
11,28,2,0.3499999999999943,0.03,good
11,29,27,7.880000000000024,0.49000000000000016,good
11,30,11,2.780000000000001,0.030000000000000006,good
11,31,35,12.340000000000003,0.040000000000000015,good
11,32,9,2.3200000000000216,0.030000000000000002,good
11,33,5,1.6100000000000136,0.18,good
11,34,29,8.780000000000001,0.16000000000000006,good
11,35,2,0.07999999999998408,0.25,good
11,37,75,23.060000000000002,4.029999999999996,good
11,39,4,0.549999999999983,0.27,good
11,40,12,3.6000000000000227,0.21,good
11,41,15,3.6500000000000057,0.16,good
11,43,12,2.780000000000001,0.08999999999999998,good
11,44,2,0.3400000000000034,0.27,good
11,45,6,1.490000000000009,0.04,good
11,47,17,3.4699999999999704,0.060000000000000026,good
11,48,17,3.9500000000000455,0.6300000000000001,good
11,49,3,0.25,0.04,good
11,50,6,1.4300000000000068,0.03,good
11,51,42,13.590000000000032,0.04000000000000002,good
11,54,20,6.8700000000000045,0.6099999999999999,good
11,55,16,4.2000000000000455,0.05000000000000001,good
11,56,2,0.5199999999999818,0.07,good
11,57,122,37.19,0.8700000000000012,good
11,58,8,2.75,0.5099999999999999,good
11,59,4,0.4200000000000159,0.83,good
11,60,56,23.620000000000005,0.4200000000000005,good
11,61,3,0.3299999999999841,0.56,good
11,62,40,12.129999999999995,0.06000000000000004,good
11,63,9,1.2900000000000205,0.08,good
11,64,10,2.2799999999999727,0.039999999999999994,good
11,66,3,0.34000000000003183,0.03,good
11,67,15,3.3700000000000045,0.38999999999999996,good
11,69,41,16.83000000000004,0.3599999999999998,good
11,70,28,10.75,0.5199999999999997,good
11,71,22,3.8799999999999955,0.2699999999999999,good
11,73,7,1.259999999999991,0.03,good
11,74,4,0.5099999999999909,1.93,good
11,75,16,2.9399999999999977,0.7300000000000002,good
11,76,15,4.490000000000009,0.05000000000000001,good
11,77,3,0.5300000000000296,0.56,good
11,79,10,2.4399999999999977,0.030000000000000006,good
11,80,12,3.0,0.14000000000000004,good
11,81,19,5.160000000000025,0.05000000000000002,good
11,82,2,0.11000000000001364,0.14,good
11,83,9,3.180000000000007,0.16999999999999998,good
11,85,34,9.610000000000014,0.15000000000000005,good
11,86,2,0.08000000000004093,0.3,good
11,87,5,2.1100000000000136,0.34,good
11,88,6,0.9200000000000159,0.09999999999999999,good
11,89,15,3.8999999999999773,0.2599999999999999,good
11,91,64,23.360000000000014,0.030000000000000023,good
11,92,14,3.240000000000009,0.5499999999999999,good
11,93,5,0.6899999999999977,0.49000000000000005,good
11,94,8,1.9899999999999523,0.11,good
11,95,6,1.5299999999999727,0.17,good
11,96,15,3.8800000000000523,0.07000000000000003,good
11,97,3,0.6299999999999955,0.42,good
11,98,13,3.830000000000041,0.039999999999999994,good
11,99,11,2.8600000000000136,0.46,good
11,101,4,1.4099999999999682,0.04,good
11,102,96,30.5,0.600000000000001,good
11,103,15,3.3700000000000045,0.5099999999999999,good
11,104,3,3.1100000000000136,0.23,good
11,105,26,6.8700000000000045,0.7600000000000002,good
11,107,19,8.299999999999955,0.12999999999999995,good
11,108,2,0.19000000000005457,0.05,good
11,109,81,26.41999999999996,0.22000000000000014,good
11,110,2,0.2300000000000182,0.36,good
11,111,9,3.009999999999991,0.04,good
11,112,2,0.12999999999999545,0.41,good
11,113,10,1.7800000000000864,0.6100000000000001,good
11,114,2,0.57000000000005,0.18,good
11,115,21,7.860000000000014,0.14999999999999997,good
11,116,31,10.0,0.03000000000000002,good
11,117,20,4.519999999999982,0.21000000000000002,good
11,118,35,10.490000000000009,0.12999999999999992,good
11,119,3,0.5600000000000591,0.44,good
11,120,3,0.9900000000000091,0.03,good
11,121,12,2.7900000000000773,0.039999999999999994,good
11,122,3,0.37000000000000455,0.53,good
11,123,32,7.990000000000009,0.06000000000000004,good
11,124,2,0.12999999999999545,0.2,good
11,125,13,4.159999999999968,0.12999999999999995,good
11,126,3,0.40000000000009095,0.03,good
11,127,22,5.7999999999999545,0.18000000000000005,good
11,128,40,16.470000000000027,0.03000000000000002,good
11,129,89,24.83000000000004,0.029999999999999968,good
11,130,5,0.9900000000000091,0.15,good
11,131,47,15.899999999999977,0.030000000000000023,good
11,132,178,55.75,0.5600000000000014,good
12,1,55,25.040000000000006,1.439999999999999,good
12,2,25,9.310000000000002,0.030000000000000016,good
12,3,13,3.180000000000007,0.21,good
12,4,55,18.960000000000008,0.5,good
12,5,12,4.570000000000022,0.92,good
12,6,40,11.22999999999999,0.5399999999999995,good
12,7,12,5.439999999999998,0.039999999999999994,good
12,8,38,8.969999999999999,0.46000000000000046,good
12,9,4,1.289999999999992,1.28,good
12,10,14,3.8100000000000023,2.39,good
12,11,12,5.25,0.2800000000000001,good
12,12,7,1.7800000000000011,1.12,good
12,13,5,0.7700000000000102,0.17,good
12,15,2,0.25,0.19,good
12,17,95,28.610000000000014,0.6400000000000005,good
12,18,151,54.26999999999998,0.46999999999999925,good
12,19,6,1.3500000000000227,0.08,good
12,20,12,3.5399999999999636,1.4800000000000002,good
12,22,140,47.73000000000002,0.2700000000000002,good
12,23,5,0.7400000000000091,0.33,good
12,24,66,19.909999999999968,0.11000000000000011,good
12,25,5,0.8000000000000114,0.35,good
12,26,66,17.079999999999984,0.030000000000000023,good
12,27,5,0.6500000000000341,0.03,good
12,28,4,0.48999999999995225,0.34,good
12,29,4,0.9800000000000182,0.03,good
12,30,9,2.0399999999999636,0.26,good
12,31,38,11.579999999999984,0.03000000000000002,good
12,32,168,48.089999999999975,0.9799999999999988,good
12,33,6,2.319999999999993,0.64,good
12,34,11,4.079999999999984,0.049999999999999996,good
12,35,10,3.2700000000000387,0.049999999999999996,good
12,37,10,4.0400000000000205,0.030000000000000006,good
12,38,6,1.0699999999999932,0.03,good
12,39,13,4.890000000000043,0.06000000000000002,good
12,40,8,1.6200000000000045,0.41000000000000003,good
12,41,9,4.25,0.030000000000000002,good
12,42,11,2.269999999999982,0.030000000000000006,good
12,43,9,2.9699999999999704,0.28,good
12,44,6,1.8199999999999932,0.09999999999999999,good
12,45,4,1.1599999999999682,1.29,good
12,46,2,0.4800000000000182,0.08,good
12,47,2,0.10000000000002274,0.03,good
12,48,2,0.22000000000002728,0.03,good
12,49,3,0.2900000000000773,0.03,good
12,50,3,0.4499999999999318,0.9499999999999998,good
12,51,8,2.0599999999999454,0.46,good
12,52,2,0.2999999999999545,0.03,good
12,53,3,0.42999999999995,0.10000000000000002,good
12,54,28,15.139999999999986,1.0100000000000007,good
12,55,7,1.2100000000000364,0.18999999999999997,good
12,56,97,47.66999999999996,0.19999999999999962,good
12,58,17,8.019999999999982,0.07000000000000003,good
12,60,8,2.730000000000018,0.9900000000000001,good
12,61,142,44.610000000000014,1.1399999999999975,good
12,62,261,91.80000000000007,0.7199999999999991,good
12,64,103,40.33000000000004,0.14000000000000018,good
12,65,2,0.36000000000001364,0.46,good
12,66,52,26.850000000000023,4.9099999999999975,good
12,67,80,24.660000000000082,1.2300000000000004,good
13,1,202,63.61,0.4800000000000005,good
13,2,6,0.9799999999999898,0.03,good
13,3,26,5.6299999999999955,0.40000000000000013,good
13,5,50,11.150000000000006,0.08000000000000003,good
13,6,4,0.6800000000000068,0.59,good
13,7,101,30.480000000000018,0.5399999999999993,good
13,8,22,6.930000000000007,0.21,good
13,9,2,0.5799999999999841,0.33,good
13,10,2,0.7600000000000193,0.36,good
13,11,33,6.239999999999981,0.03000000000000002,good
13,13,8,1.1599999999999966,0.32,good
13,14,7,1.7299999999999898,0.9900000000000001,good
13,15,6,1.1400000000000148,0.5300000000000001,good
13,17,11,3.5,0.15999999999999998,good
13,18,3,0.4899999999999807,0.3499999999999999,good
13,19,23,6.890000000000015,0.40000000000000013,good
13,20,2,0.29000000000002046,0.24,good
13,21,8,1.589999999999975,0.45000000000000007,good
13,22,22,7.509999999999991,0.04000000000000001,good
13,23,16,4.2900000000000205,0.12000000000000005,good
13,24,92,24.019999999999982,0.4099999999999996,good
13,25,226,67.76000000000005,0.8000000000000018,good
13,26,52,15.009999999999991,0.3900000000000003,good
13,27,43,13.759999999999991,0.6999999999999995,good
13,28,6,0.5500000000000114,1.49,good
13,29,6,0.9900000000000091,0.29,good
13,30,16,3.1899999999999977,0.2400000000000001,good
13,31,4,0.7300000000000182,0.49,good
13,32,3,0.5300000000000296,0.55,good
13,33,30,6.220000000000027,0.4800000000000003,good
13,34,50,15.75,0.3699999999999998,good
13,35,32,11.95999999999998,0.4399999999999999,good
13,36,3,0.3299999999999841,0.33,good
13,37,2,0.16999999999995907,0.18,good
13,38,2,0.12000000000000455,0.62,good
13,39,5,1.8700000000000045,0.29,good
13,40,4,0.6200000000000045,0.41,good
13,41,19,4.189999999999998,0.8800000000000003,good
13,42,40,12.939999999999998,0.42000000000000004,good
13,43,54,14.75,0.8400000000000009,good
13,44,8,1.1399999999999864,0.41000000000000003,good
13,45,95,34.20999999999992,0.029999999999999957,good
13,46,105,32.210000000000036,0.43999999999999967,good
13,47,2,0.10999999999989996,0.64,good
13,48,38,10.790000000000077,1.079999999999999,good
13,49,9,2.330000000000041,0.030000000000000002,good
13,50,24,5.069999999999936,0.24000000000000013,good
13,51,11,3.0399999999999636,0.9000000000000002,good
13,53,196,58.610000000000014,0.030000000000000023,good
13,54,2,0.18000000000006366,0.03,good
13,55,31,10.009999999999991,0.21999999999999995,good
13,56,315,169.73000000000002,0.6999999999999964,good
13,57,83,24.340000000000032,5.970000000000013,good
14,2,190,59.31999999999999,0.030000000000000016,good
14,3,6,2.5,0.71,good
14,4,2,0.1599999999999966,0.46,good
14,5,18,7.52000000000001,0.07000000000000003,good
14,6,2,0.2600000000000051,0.19,good
14,7,7,1.210000000000008,0.42,good
14,8,27,6.060000000000002,0.16000000000000003,good
14,9,4,0.9200000000000017,0.37,good
14,10,19,5.310000000000002,0.14000000000000007,good
14,11,21,3.6499999999999915,0.2300000000000001,good
14,13,24,6.440000000000012,0.11,good
14,15,4,0.5800000000000125,1.23,good
14,16,64,18.340000000000003,0.17999999999999985,good
14,17,4,1.1200000000000045,0.15,good
14,18,14,2.789999999999992,0.29,good
14,19,7,1.8599999999999852,2.11,good
14,20,34,10.429999999999978,3.11,good
14,22,8,2.299999999999983,0.44,good
14,24,20,6.1200000000000045,0.6400000000000001,good
14,25,171,52.49000000000001,0.02999999999999999,good
14,26,21,5.409999999999997,0.9899999999999998,good
14,27,24,10.289999999999992,0.18000000000000005,good
14,28,6,2.200000000000017,0.4699999999999999,good
14,29,7,2.5,0.45000000000000007,good
14,30,12,5.029999999999973,0.6899999999999998,good
14,31,6,1.5600000000000023,0.42,good
14,32,4,0.9399999999999977,1.19,good
14,33,3,1.490000000000009,0.42,good
14,34,23,9.170000000000016,0.2800000000000002,good
14,35,3,0.9900000000000091,0.84,good
14,37,5,0.9200000000000159,0.26,good
14,38,11,2.6299999999999955,0.4699999999999998,good
14,39,2,0.2400000000000091,0.03,good
14,40,7,2.5400000000000205,1.58,good
14,41,143,42.0,0.9099999999999976,good
14,42,727,202.46000000000004,0.560000000000002,good
14,43,185,56.569999999999936,0.6200000000000014,good
14,44,91,33.379999999999995,0.6899999999999992,good
14,45,3,0.2999999999999545,0.36000000000000004,good
14,46,128,44.0,0.8400000000000023,good
14,48,182,75.98000000000002,0.06000000000000001,good
14,49,2,0.3300000000000409,0.42,good
14,50,27,21.149999999999977,0.12999999999999992,good
14,51,145,43.15000000000009,3.8500000000000103,good
15,1,31,10.090000000000003,0.44999999999999973,good
15,2,2,0.23999999999999488,0.19,good
15,3,545,168.66,0.29000000000000076,good
15,4,1094,360.43999999999994,0.6200000000000039,good
15,5,2,0.5699999999999363,0.74,good
15,6,77,25.269999999999982,0.6899999999999994,good
15,7,3,0.5900000000000318,0.03,good
15,8,10,2.42999999999995,0.19999999999999998,good
15,9,8,1.9200000000000728,0.7199999999999999,good
15,10,31,10.740000000000009,0.25,good
15,11,5,1.1100000000000136,0.8400000000000001,good
15,12,20,7.340000000000032,0.05000000000000001,good
15,13,7,1.2200000000000273,0.39999999999999997,good
15,14,2,0.4700000000000273,0.11,good
15,15,3,1.0499999999999545,0.22,good
15,16,13,3.689999999999941,1.5799999999999998,good
15,17,23,5.639999999999986,0.25999999999999984,good
15,18,10,3.669999999999959,0.039999999999999994,good
15,19,4,0.6399999999999864,0.64,good
15,20,4,0.4599999999999227,0.3,good
15,21,4,1.009999999999991,0.11,good
15,22,76,25.389999999999986,0.5900000000000009,good
15,23,132,48.72000000000003,0.16000000000000011,good
15,25,20,5.529999999999973,3.680000000000001,good
15,26,13,3.230000000000018,1.5500000000000005,good
15,27,79,29.720000000000027,1.510000000000002,good
15,29,34,9.529999999999973,0.25,good
15,30,6,1.5900000000000318,0.16,good
15,32,65,18.610000000000014,2.3,good
16,1,63,16.85000000000001,0.3200000000000002,good
16,3,23,4.960000000000008,0.06000000000000003,good
16,4,2,0.1599999999999966,1.02,good
16,5,49,14.769999999999996,0.4200000000000003,good
16,7,52,18.58,0.6499999999999994,good
16,8,9,1.3799999999999955,0.8600000000000001,good
16,9,78,33.5,0.6499999999999991,good
16,10,5,0.6299999999999955,0.22000000000000003,good
16,11,17,8.309999999999974,0.9800000000000002,good
16,12,3,0.3400000000000034,1.75,good
16,13,104,47.09,0.4399999999999997,good
16,15,15,7.639999999999986,1.0199999999999998,good
16,16,107,33.120000000000005,0.5900000000000016,good
16,17,244,70.38,0.6399999999999979,good
16,18,2,0.0999999999999659,0.22,good
16,19,49,10.390000000000043,0.1600000000000001,good
16,20,3,0.28000000000002956,0.20000000000000004,good
16,21,92,29.189999999999998,0.029999999999999964,good
16,23,149,42.25999999999999,0.0899999999999999,good
16,24,186,55.410000000000025,1.5200000000000022,good
16,25,3,0.6100000000000136,0.52,good
16,26,12,3.230000000000018,0.17999999999999997,good
16,27,44,13.879999999999995,0.4899999999999997,good
16,28,4,0.8999999999999773,0.62,good
16,29,5,1.1899999999999977,0.61,good
16,30,5,0.48999999999995225,0.03,good
16,31,30,10.730000000000018,0.21,good
16,33,4,0.8700000000000045,0.45,good
16,34,2,0.14999999999997726,0.53,good
16,35,403,135.67999999999995,0.18000000000000058,good
16,36,39,13.129999999999995,0.40000000000000024,good
16,37,171,52.84000000000003,0.6400000000000005,good
16,39,53,17.5,0.3399999999999999,good
16,40,3,0.5799999999999272,0.27,good
16,41,46,14.980000000000018,0.030000000000000023,good
16,43,19,6.090000000000032,0.05000000000000002,good
16,45,154,43.27999999999997,0.27000000000000046,good
16,46,83,22.68999999999994,0.5100000000000001,good
17,2,511,178.29999999999998,0.6399999999999919,good
17,3,183,58.14000000000004,0.6400000000000005,good
17,5,452,137.51,0.20999999999999847,good
17,6,2,0.08999999999991815,0.37,good
17,7,47,13.780000000000086,0.04000000000000002,good
17,8,252,68.89999999999998,0.6500000000000031,good
17,9,517,176.56999999999994,0.40999999999999714,good
17,10,81,23.06000000000006,0.9899999999999994,good
18,1,190,66.18,0.4899999999999988,good
18,3,107,42.44,0.13000000000000028,good
18,4,3,0.6599999999999966,0.25,good
18,5,170,63.43000000000001,0.21000000000000063,good
18,6,76,24.72999999999999,0.8200000000000002,good
18,7,163,56.77999999999997,0.5,good
18,9,259,86.18,1.0900000000000003,good
18,10,3,0.4800000000000182,0.05000000000000001,good
18,11,30,9.740000000000009,0.10000000000000005,good
18,12,76,23.460000000000036,0.30000000000000043,good
18,13,259,88.93,0.3799999999999991,good
18,15,105,31.3900000000001,0.28999999999999937,good
18,16,254,89.48000000000002,0.4699999999999991,good
18,18,274,89.67999999999995,0.6100000000000029,good
18,20,83,27.920000000000073,0.4899999999999998,good
18,22,183,53.870000000000005,0.07000000000000017,good
19,1,603,191.78,0.7400000000000058,good
19,2,228,73.06,1.419999999999999,good
19,3,580,198.53999999999996,0.6299999999999966,good
19,4,278,92.12,0.7700000000000033,good
19,6,99,33.700000000000045,0.3900000000000004,good
19,7,2,0.2400000000000091,0.03,good
19,8,403,118.45999999999992,0.14999999999999902,good
19,9,2,0.14999999999997726,0.24,good
19,10,70,18.960000000000036,0.07,good
20,1,155,44.31999999999999,0.6099999999999995,good
20,3,219,63.079999999999984,0.5600000000000016,good
20,4,11,2.430000000000007,0.8100000000000004,good
20,5,133,40.00999999999999,0.029999999999999916,good
20,6,181,53.05000000000001,0.6299999999999987,good
20,7,18,5.5400000000000205,0.55,good
20,8,42,12.240000000000009,0.13999999999999996,good
20,9,22,4.789999999999964,0.8599999999999998,good
20,10,26,5.649999999999977,0.06000000000000004,good
20,11,11,1.919999999999959,0.07999999999999999,good
20,12,12,2.160000000000025,0.46,good
20,13,14,3.0600000000000023,0.15999999999999998,good
20,14,18,3.7899999999999636,0.030000000000000013,good
20,15,39,12.340000000000032,0.03000000000000002,good
20,17,15,3.2099999999999795,0.05000000000000001,good
20,18,174,51.34000000000003,0.029999999999999992,good
20,19,3,0.6499999999999773,0.20000000000000004,good
20,20,8,1.670000000000016,0.7000000000000001,good
20,21,5,0.7100000000000364,0.89,good
20,22,5,0.5299999999999727,0.52,good
20,23,111,34.39999999999998,0.8599999999999995,good
20,24,21,6.039999999999964,0.9699999999999999,good
20,25,2,0.4600000000000364,0.67,good
20,26,122,36.150000000000034,0.7900000000000016,good
20,27,101,32.0,0.75,good
20,28,6,1.4500000000000455,0.17,good
20,29,291,97.64999999999998,0.4099999999999976,good
20,30,186,64.34000000000003,0.7099999999999975,good
20,32,5,1.099999999999909,0.23000000000000004,good
20,33,56,19.789999999999964,0.6700000000000009,good
20,34,94,33.51999999999998,0.5600000000000006,good
20,35,46,14.68999999999994,0.030000000000000023,good
20,36,30,8.769999999999982,0.47000000000000014,good
20,37,11,3.490000000000009,0.27,good
20,38,21,8.360000000000014,0.07000000000000003,good
20,39,22,7.100000000000023,0.40000000000000013,good
20,40,6,1.0199999999999818,2.1999999999999997,good
20,41,2,0.11000000000001364,0.32,good
20,42,12,2.4600000000000364,0.03000000000000001,good
20,44,6,0.8299999999999272,0.16,good
20,45,3,0.4600000000000364,0.03,good
20,46,18,6.009999999999991,1.5399999999999996,good
20,48,14,3.189999999999941,1.0199999999999998,good
20,50,6,2.019999999999982,0.09999999999999999,good
20,51,4,1.8500000000000227,0.12,good
20,52,86,25.920000000000073,0.22000000000000006,good
20,53,2,0.14999999999997726,0.03,good
20,54,41,9.860000000000014,0.03000000000000002,good
21,1,45,17.400000000000006,0.5500000000000004,good
21,3,475,155.03000000000003,0.33000000000000107,good
21,4,4,1.0300000000000011,0.45,good
21,5,22,5.819999999999993,0.3600000000000001,good
21,6,198,62.78000000000003,1.4199999999999964,good
21,7,10,2.8500000000000227,0.33999999999999997,good
21,8,16,5.050000000000011,0.42,good
21,10,5,2.2800000000000296,1.11,good
21,11,94,34.18000000000001,1.269999999999999,good
21,13,8,3.519999999999982,0.69,good
21,14,8,2.92999999999995,1.8700000000000006,good
21,15,38,13.46999999999997,0.48999999999999994,good
21,16,13,5.189999999999998,0.84,good
21,17,8,1.3600000000000136,0.03,good
21,18,6,2.6000000000000227,0.84,good
21,19,28,11.53000000000003,0.03000000000000002,good
21,21,12,1.6200000000000045,1.6900000000000002,good
21,22,4,0.67999999999995,1.25,good
21,23,3,1.919999999999959,0.09000000000000001,good
21,24,30,15.819999999999993,1.4099999999999993,good
21,25,13,5.430000000000007,1.84,good
21,26,3,0.3199999999999932,1.37,good
21,27,6,0.9900000000000091,0.03,good
21,28,70,33.43000000000001,2.0100000000000007,good
21,29,7,2.0400000000000205,0.39000000000000007,good
21,30,24,6.1299999999999955,0.030000000000000016,good
21,31,4,0.589999999999975,1.16,good
21,32,14,7.180000000000064,2.7199999999999993,good
21,34,29,10.339999999999918,0.2000000000000001,good
21,35,6,3.9599999999999227,0.09999999999999999,good
21,36,29,12.440000000000055,0.3499999999999998,good
21,38,207,63.22000000000003,0.7399999999999997,good
21,39,123,40.77999999999997,0.75,good
21,41,37,12.540000000000077,0.03000000000000002,good
21,43,334,133.66000000000008,0.2999999999999982,good
21,44,188,53.549999999999955,0.43999999999999884,good
22,1,45,17.400000000000006,0.5500000000000004,good
22,3,475,155.03000000000003,0.33000000000000107,good
22,4,4,1.0300000000000011,0.45,good
22,5,22,5.819999999999993,0.3600000000000001,good
22,6,198,62.78000000000003,1.4199999999999964,good
22,7,10,2.8500000000000227,0.33999999999999997,good
22,8,16,5.050000000000011,0.42,good
22,10,5,2.2800000000000296,1.11,good
22,11,94,34.18000000000001,1.269999999999999,good
22,13,8,3.519999999999982,0.69,good
22,14,8,2.92999999999995,1.8700000000000006,good
22,15,38,13.46999999999997,0.48999999999999994,good
22,16,13,5.189999999999998,0.84,good
22,17,8,1.3600000000000136,0.03,good
22,18,6,2.6000000000000227,0.84,good
22,19,28,11.53000000000003,0.03000000000000002,good
22,21,12,1.6200000000000045,1.6900000000000002,good
22,22,4,0.67999999999995,1.25,good
22,23,3,1.919999999999959,0.09000000000000001,good
22,24,30,15.819999999999993,1.4099999999999993,good
22,25,13,5.430000000000007,1.84,good
22,26,3,0.3199999999999932,1.37,good
22,27,6,0.9900000000000091,0.03,good
22,28,70,33.43000000000001,2.0100000000000007,good
22,29,7,2.0400000000000205,0.39000000000000007,good
22,30,24,6.1299999999999955,0.030000000000000016,good
22,31,4,0.589999999999975,1.16,good
22,32,14,7.180000000000064,2.7199999999999993,good
22,34,29,10.339999999999918,0.2000000000000001,good
22,35,6,3.9599999999999227,0.09999999999999999,good
22,36,29,12.440000000000055,0.3499999999999998,good
22,38,207,63.22000000000003,0.7399999999999997,good
22,39,123,40.77999999999997,0.75,good
22,41,37,12.540000000000077,0.03000000000000002,good
22,43,334,133.66000000000008,0.2999999999999982,good
22,44,188,53.549999999999955,0.43999999999999884,good
23,1,14,2.740000000000002,0.48000000000000015,good
23,2,15,4.469999999999999,0.28000000000000014,good
23,3,10,2.1599999999999966,0.030000000000000006,good
23,5,8,1.6800000000000068,0.049999999999999996,good
23,7,51,9.929999999999993,0.16000000000000006,good
23,8,29,8.799999999999997,0.84,good
23,9,2,0.18000000000000682,0.34,good
23,10,17,4.22999999999999,0.6300000000000001,good
23,11,2,0.29999999999999716,0.26,good
23,12,21,6.909999999999997,0.22000000000000006,good
23,13,2,0.14999999999999147,3.52,good
23,14,10,2.3299999999999983,0.24000000000000005,good
23,16,25,7.090000000000003,0.030000000000000016,good
23,17,17,3.5100000000000193,1.08,good
23,18,5,0.9099999999999966,0.41,good
23,20,12,2.3700000000000045,1.5199999999999998,good
23,21,4,0.4300000000000068,0.49,good
23,22,11,2.0700000000000216,0.5600000000000002,good
23,24,3,0.47999999999998977,0.7799999999999999,good
23,26,55,17.5,0.04000000000000002,good
23,27,3,0.4899999999999807,1.29,good
23,28,3,0.21000000000000796,0.26,good
23,29,9,2.780000000000001,0.16999999999999998,good
23,31,237,70.91999999999999,0.3199999999999991,good
23,32,448,161.76000000000002,0.4399999999999982,good
23,33,137,38.129999999999995,0.9699999999999991,good
23,34,461,174.26999999999998,0.5500000000000046,good
23,35,122,33.22000000000003,2.310000000000002,good
23,36,392,142.70000000000005,0.3100000000000015,good
23,38,35,9.92999999999995,0.3200000000000001,good
23,39,105,28.029999999999973,1.360000000000001,good
24,1,35,8.219999999999999,0.3800000000000003,good
24,2,3,0.6599999999999966,2.27,good
24,3,84,20.42,0.6599999999999986,good
24,5,449,146.31,0.25,good
24,6,194,59.73000000000002,2.560000000000002,good
24,7,483,210.66999999999996,0.469999999999999,good
24,8,189,56.84000000000003,1.030000000000001,good
24,9,583,189.94000000000005,0.810000000000002,good
24,10,3,0.25,0.62,good
24,11,68,22.920000000000073,0.22000000000000025,good
24,12,2,0.12999999999999545,0.85,good
24,13,3,0.4900000000000091,0.05000000000000001,good
24,14,4,0.6700000000000728,0.03,good
24,15,7,0.9899999999998954,0.03,good
24,16,94,30.960000000000036,0.9899999999999988,good
25,1,346,116.80000000000001,1.1000000000000048,good
25,2,136,39.26000000000002,0.7000000000000017,good
25,3,174,59.27000000000001,0.39999999999999947,good
25,4,2,0.160000000000025,1.12,good
25,5,84,27.57000000000005,0.11000000000000004,good
25,6,2,0.2300000000000182,0.81,good
25,7,204,69.12,0.1299999999999998,good
25,8,204,64.28000000000003,1.5500000000000058,good
25,9,528,161.65999999999997,0.4300000000000048,good
25,10,157,47.379999999999995,0.6200000000000009,good
25,11,7,2.509999999999991,0.56,good
25,13,185,60.33000000000004,0.1700000000000008,good
25,14,7,1.4599999999999227,0.14,good
25,15,6,1.9300000000000637,0.19999999999999998,good
25,16,4,0.6200000000000045,0.71,good
25,17,9,4.169999999999959,0.29,good
25,21,34,11.110000000000014,0.6999999999999996,good
25,23,43,15.809999999999945,0.030000000000000023,good
25,25,2,0.21000000000003638,0.04,good
25,27,16,5.939999999999941,0.9800000000000003,good
25,29,25,5.389999999999986,0.16000000000000003,good
25,31,32,7.279999999999973,0.040000000000000015,good
25,33,40,13.300000000000068,0.5,good
25,35,6,3.4300000000000637,0.14,good
25,37,8,2.009999999999991,1.82,good
25,38,115,30.59999999999991,1.7899999999999987,good
26,1,152,54.45,0.5499999999999985,good
26,2,107,39.98999999999998,0.32999999999999907,good
26,3,64,18.22,1.3100000000000012,good
26,5,90,25.960000000000008,0.8400000000000019,good
26,6,9,1.5699999999999932,0.33,good
26,7,55,16.74000000000001,0.840000000000001,good
26,8,25,8.110000000000014,0.91,good
26,9,16,3.930000000000007,0.6799999999999998,good
26,11,12,3.3999999999999773,0.15999999999999998,good
26,12,10,2.680000000000007,0.8400000000000001,good
26,13,24,6.3799999999999955,0.6300000000000003,good
26,14,292,94.90999999999997,0.840000000000003,good
26,15,182,65.04999999999995,0.48999999999999905,good
26,17,395,136.19999999999993,0.23999999999999877,good
26,18,830,266.02,0.9500000000000108,good
27,1,154,51.92999999999999,0.47999999999999937,good
27,3,225,66.93,0.6500000000000028,good
27,5,159,48.85000000000002,0.25,good
27,6,5,1.0900000000000034,0.39,good
27,7,37,12.719999999999999,0.84,good
27,8,5,0.9900000000000091,0.35,good
27,9,96,32.90999999999997,0.6300000000000011,good
27,10,2,0.2599999999999909,0.21,good
27,11,13,2.4700000000000273,0.03000000000000001,good
27,12,206,77.40000000000003,0.6099999999999995,good
27,13,4,0.5,0.67,good
27,15,2,0.339999999999975,0.41,good
27,16,65,27.680000000000007,0.16999999999999996,good
27,17,4,0.5600000000000023,0.15,good
27,18,88,28.95999999999998,0.21000000000000044,good
27,19,7,1.5199999999999818,0.22,good
27,20,128,52.25,0.6899999999999987,good
27,21,234,75.06,2.580000000000002,good
27,22,160,56.030000000000086,0.7099999999999976,good
27,23,4,0.36000000000001364,0.93,good
27,24,11,2.25,0.030000000000000006,good
27,25,16,4.5,1.4600000000000004,good
27,26,5,0.6599999999999682,0.03,good
27,27,3,0.6100000000000136,0.31,good
27,28,7,1.6900000000000546,0.8600000000000001,good
27,29,8,0.8799999999999955,0.35999999999999993,good
27,30,5,2.509999999999991,0.08,good
27,31,2,0.11000000000001364,0.14,good
27,32,16,5.399999999999977,0.84,good
27,33,18,4.6299999999999955,0.09000000000000002,good
27,34,5,2.8799999999999955,0.26,good
27,35,2,0.34000000000003183,0.87,good
27,36,108,45.44999999999993,0.13000000000000028,good
27,37,2,0.12000000000000455,1.9,good
27,38,33,14.120000000000005,1.1000000000000005,good
27,40,179,66.65000000000009,0.03,good
27,41,97,30.049999999999955,0.5499999999999992,good
28,1,82,30.439999999999998,0.7000000000000011,good
28,2,96,37.7,0.35999999999999965,good
28,4,236,72.87,0.08999999999999989,good
28,5,128,45.650000000000006,0.4799999999999987,good
28,6,25,6.430000000000007,0.7699999999999997,good
28,7,23,8.699999999999989,0.23000000000000012,good
28,8,190,54.879999999999995,1.400000000000003,good
28,9,301,84.27999999999997,0.849999999999996,good
28,11,337,102.98000000000002,0.40000000000000246,good
28,12,169,50.379999999999995,0.6500000000000018,good
28,13,14,4.059999999999945,0.07000000000000003,good
28,14,3,0.7200000000000273,0.4000000000000001,good
28,15,23,5.170000000000073,0.58,good
28,16,3,0.5300000000000864,1.57,good
28,17,114,39.17999999999995,1.0,good
28,18,3,0.9399999999999409,0.87,good
28,19,3,2.090000000000032,0.06,good
28,20,5,1.4899999999998954,0.03,good
28,21,36,11.049999999999955,0.25,good
28,22,6,1.4800000000000182,1.28,good
28,23,2,0.12999999999999545,0.03,good
28,24,22,10.589999999999918,1.0199999999999998,good
28,25,6,1.3600000000000136,0.13,good
28,26,42,17.389999999999986,0.9699999999999994,good
28,27,6,2.6299999999999955,1.28,good
28,28,83,26.049999999999955,1.5199999999999987,good
28,29,2,0.2599999999999909,1.12,good
28,30,2,0.12000000000000455,0.59,good
28,32,136,56.07000000000005,0.5300000000000008,good
28,33,94,29.739999999999895,1.7400000000000004,good
29,1,19,4.609999999999999,0.7899999999999997,good
29,2,24,4.699999999999989,1.5599999999999998,good
29,3,56,15.980000000000004,0.7199999999999995,good
29,5,15,5.359999999999999,0.10000000000000002,good
29,6,29,8.239999999999995,0.16000000000000006,good
29,7,6,1.4000000000000057,0.86,good
29,8,8,2.9299999999999784,0.14,good
29,10,76,37.27000000000001,3.460000000000002,good
29,11,80,30.78,2.1999999999999984,good
29,13,100,32.01999999999998,0.02999999999999995,good
29,15,9,2.700000000000017,0.18999999999999997,good
29,16,2,0.5,0.79,good
29,17,11,5.069999999999993,0.19999999999999998,good
29,18,20,6.699999999999989,0.20000000000000004,good
29,19,31,14.509999999999991,0.03000000000000002,good
29,21,18,8.190000000000055,0.11000000000000004,good
29,23,3,0.6800000000000068,0.8000000000000002,good
29,24,201,64.54000000000002,1.030000000000001,good
29,25,6,1.160000000000025,0.15,good
29,26,86,27.03000000000003,0.5600000000000005,good
29,27,147,47.110000000000014,0.3800000000000009,good
29,28,21,5.310000000000002,0.12000000000000006,good
29,29,132,34.66999999999996,0.46999999999999925,good
29,30,169,49.069999999999936,0.9799999999999986,good
29,32,5,1.0,0.15,good
29,33,42,11.360000000000014,0.8999999999999992,good
29,34,177,51.26999999999998,1.3100000000000018,good
29,35,2,0.11000000000001364,1.19,good
29,36,51,16.230000000000018,0.2100000000000002,good
29,37,173,55.270000000000095,0.029999999999999992,good
29,38,46,15.489999999999895,0.15000000000000013,good
29,39,2,0.4800000000000182,0.1,good
29,40,60,23.370000000000005,0.06999999999999997,good
29,41,63,18.840000000000032,0.17999999999999985,good
29,42,11,2.3799999999999955,0.12999999999999998,good
29,44,30,10.8900000000001,0.14000000000000007,good
29,45,97,31.91999999999996,1.1800000000000028,good
29,46,173,53.90999999999997,0.09999999999999987,good
30,1,254,75.69999999999999,2.9600000000000053,good
30,2,8,2.010000000000005,0.08,good
30,3,7,1.019999999999996,0.39000000000000007,good
30,4,42,14.019999999999996,0.03000000000000002,good
30,5,12,2.700000000000003,0.03000000000000001,good
30,6,8,1.8999999999999915,0.18999999999999997,good
30,7,10,2.339999999999989,0.31999999999999995,good
30,8,49,18.39,0.19999999999999996,good
30,9,3,0.2400000000000091,0.04,good
30,10,28,7.200000000000017,0.14999999999999997,good
30,11,16,4.900000000000006,0.2400000000000001,good
30,12,6,1.339999999999975,0.56,good
30,13,21,8.129999999999995,0.11000000000000003,good
30,15,16,3.5900000000000034,0.7899999999999998,good
30,16,6,1.1800000000000068,0.08999999999999998,good
30,17,16,4.269999999999982,0.030000000000000013,good
30,18,19,4.060000000000002,0.030000000000000016,good
30,20,51,16.159999999999997,0.04999999999999998,good
30,21,2,0.11000000000001364,1.37,good
30,22,26,14.670000000000016,0.03000000000000002,good
30,24,11,3.789999999999992,0.33,good
30,26,22,6.1200000000000045,0.5299999999999999,good
30,28,7,2.4299999999999784,0.64,good
30,30,10,3.5200000000000102,0.25999999999999995,good
30,31,4,0.3800000000000239,0.1,good
30,32,5,0.8300000000000125,0.28,good
30,33,9,2.3499999999999943,0.23000000000000004,good
30,34,2,0.28000000000000114,0.03,good
30,35,30,10.47999999999999,0.06000000000000004,good
30,36,5,2.039999999999992,0.06,good
30,37,8,1.740000000000009,0.06,good
30,38,14,2.6699999999999875,0.9700000000000001,good
30,40,17,4.680000000000007,0.83,good
30,41,625,193.28999999999996,1.0,good
30,42,152,47.389999999999986,0.6500000000000014,good
30,43,180,48.96999999999997,0.9600000000000001,good
30,44,258,78.56000000000006,0.10000000000000038,good
30,45,117,34.77999999999997,0.9500000000000018,good
30,46,45,15.080000000000041,0.6299999999999998,good
30,47,2,0.21000000000003638,0.68,good
30,48,5,0.8099999999999454,0.19,good
30,49,242,79.92999999999995,0.3900000000000005,good
30,50,14,3.6200000000000045,0.37999999999999995,good
30,51,24,7.360000000000014,0.030000000000000016,good
30,52,39,10.669999999999959,0.19000000000000017,good
30,53,203,60.52999999999997,0.8400000000000027,good
31,1,205,63.33,1.1999999999999955,good
31,2,293,109.21000000000001,0.5100000000000006,good
31,3,25,5.990000000000009,0.20000000000000007,good
31,4,38,9.030000000000001,0.4499999999999997,good
31,5,17,4.1200000000000045,0.2599999999999999,good
31,6,183,71.35999999999999,0.32000000000000023,good
31,7,1028,326.57000000000005,1.0599999999999723,good
31,8,7,1.3799999999999955,0.03,good
31,9,7,1.4800000000000182,0.14,good
31,10,121,34.54000000000008,0.40999999999999887,good
31,11,33,9.089999999999918,0.15000000000000002,good
31,12,30,9.490000000000009,0.8200000000000002,good
31,14,23,9.649999999999977,0.030000000000000016,good
31,16,26,5.330000000000041,0.25,good
31,17,4,0.8399999999999181,0.18,good
31,18,29,9.590000000000032,0.5299999999999998,good
31,19,3,0.2699999999999818,0.84,good
31,20,77,23.33000000000004,1.0699999999999985,good
31,21,23,6.440000000000055,0.24000000000000013,good
31,22,39,7.639999999999986,0.05000000000000003,good
31,23,33,6.730000000000018,0.3699999999999998,good
31,24,16,3.6700000000000728,0.6899999999999997,good
31,25,6,2.82000000000005,0.91,good
31,26,6,1.1800000000000637,0.19999999999999998,good
31,28,30,8.149999999999977,0.040000000000000015,good
31,29,3,0.42999999999995,0.51,good
31,30,2,0.12999999999999545,0.34,good
31,31,7,1.5599999999999454,1.9800000000000002,good
31,33,2,0.20000000000004547,1.14,good
31,34,8,1.5900000000000318,1.3,good
31,35,6,2.009999999999991,0.35999999999999993,good
31,36,9,1.6999999999999318,0.08999999999999998,good
31,37,149,47.360000000000014,0.6599999999999977,good
32,1,233,73.43,1.4100000000000033,good
32,2,349,113.13999999999999,0.6299999999999971,good
32,4,33,8.050000000000011,0.25999999999999984,good
32,6,29,10.670000000000016,0.040000000000000015,good
32,8,46,16.25999999999999,1.2599999999999996,good
32,9,2,0.27000000000001023,0.27,good
32,10,21,7.1200000000000045,0.12999999999999995,good
32,12,7,2.0999999999999943,0.03,good
32,14,24,9.02000000000001,0.030000000000000016,good
32,15,233,71.94999999999999,0.8700000000000028,good
32,16,8,1.259999999999991,0.37000000000000005,good
32,17,16,3.089999999999975,0.09000000000000001,good
32,18,36,9.240000000000009,0.21,good
32,19,3,0.37000000000000455,0.49,good
32,20,32,6.350000000000023,0.21999999999999995,good
32,21,29,6.669999999999959,0.06000000000000004,good
32,22,36,8.78000000000003,0.49,good
32,23,47,14.420000000000016,0.030000000000000023,good
32,24,37,8.46999999999997,0.33,good
32,25,2,0.17000000000001592,0.16,good
32,26,2,0.15999999999996817,0.21,good
32,27,112,32.43000000000001,0.6800000000000008,good
32,29,13,4.07000000000005,1.3900000000000003,good
32,30,6,1.580000000000041,0.62,good
32,31,41,10.220000000000027,0.66,good
32,32,19,4.920000000000016,0.6899999999999997,good
32,33,2,0.26000000000004775,0.27,good
32,34,20,4.900000000000034,0.14000000000000007,good
32,35,3,0.9699999999999704,0.44,good
32,36,59,13.300000000000011,0.12999999999999992,good
32,37,199,61.56,0.4500000000000016,good
32,38,190,55.73000000000002,1.3300000000000054,good
32,39,18,2.830000000000041,0.9399999999999997,good
32,40,4,0.42999999999995,1.04,good
32,41,14,3.3999999999999773,0.07999999999999999,good
32,42,6,2.1299999999999955,0.63,good
32,43,7,1.009999999999991,0.26,good
32,45,8,1.740000000000009,0.14,good
32,46,49,17.899999999999977,0.1799999999999999,good
32,48,7,2.0599999999999454,0.91,good
32,49,3,0.5499999999999545,0.03,good
32,50,3,0.42999999999995,0.17,good
32,52,32,7.3700000000000045,0.2000000000000001,good
32,53,13,2.4500000000000455,0.42,good
32,54,3,0.5499999999999545,0.29,good
32,55,21,5.610000000000014,0.28000000000000014,good
32,56,8,1.3799999999999955,0.8499999999999999,good
32,57,27,12.219999999999914,0.5099999999999999,good
32,58,10,2.3799999999999955,0.8400000000000001,good
32,60,22,10.019999999999982,0.2699999999999999,good
32,61,5,1.0400000000000773,0.03,good
32,62,15,4.6200000000000045,0.12999999999999995,good
32,63,9,2.0400000000000773,0.08,good
32,64,41,12.450000000000045,0.5199999999999997,good
32,65,17,4.389999999999986,0.05000000000000001,good
32,66,9,2.82000000000005,0.14,good
32,67,8,2.2799999999999727,0.56,good
32,68,31,9.149999999999977,0.3900000000000001,good
32,69,25,4.830000000000041,3.2700000000000005,good
32,70,6,1.2199999999999136,1.1500000000000001,good
32,71,7,1.17999999999995,0.21,good
32,72,10,2.6200000000000045,0.030000000000000006,good
32,74,15,3.2200000000000273,0.30999999999999994,good
32,75,4,0.9399999999999409,0.03,good
32,76,4,0.67999999999995,0.84,good
32,77,3,0.9200000000000728,0.03,good
32,78,10,2.8099999999999454,0.27,good
32,79,15,5.2299999999999045,1.4800000000000002,good
32,80,20,5.159999999999968,0.5199999999999998,good
32,81,32,9.93999999999994,0.42,good
32,82,8,2.019999999999982,0.18999999999999997,good
32,83,3,0.35999999999989996,0.38999999999999996,good
32,87,8,1.5599999999999454,0.04,good
32,88,4,0.7699999999999818,0.23,good
32,89,10,1.4400000000000546,0.15999999999999998,good
32,90,4,0.5900000000000318,0.03,good
32,91,8,1.9699999999999136,0.03,good
32,92,26,5.909999999999968,0.03000000000000002,good
32,93,4,0.9699999999999136,0.03,good
32,94,11,4.3799999999999955,0.17999999999999997,good
32,95,2,0.22000000000002728,0.34,good
32,96,77,26.549999999999955,2.270000000000002,good
33,1,273,81.39,0.8400000000000029,good
33,2,58,17.689999999999998,0.6099999999999997,good
33,3,3,0.5900000000000034,0.03,good
33,4,46,13.280000000000001,0.04000000000000002,good
33,5,3,0.38000000000000966,0.3499999999999999,good
33,6,98,38.94,0.37,good
33,7,5,1.0999999999999943,0.34,good
33,8,155,48.03,0.09999999999999974,good
33,9,3,0.5300000000000011,0.81,good
33,10,22,8.350000000000023,0.18000000000000005,good
33,12,64,17.30000000000001,0.2799999999999999,good
33,13,5,0.9699999999999989,1.06,good
33,14,42,15.200000000000017,0.6900000000000004,good
33,15,148,44.06999999999999,1.870000000000003,good
33,16,110,41.52999999999997,0.4500000000000006,good
33,17,3,0.45999999999997954,0.25,good
33,18,171,77.33999999999997,0.10999999999999974,good
33,19,116,36.54000000000002,1.639999999999996,good
33,20,315,110.61999999999995,0.20000000000000112,good
33,22,122,45.51999999999998,0.04000000000000003,good
33,23,108,35.389999999999986,0.6000000000000009,good
33,24,94,28.269999999999982,0.40999999999999953,good
33,25,174,48.639999999999986,0.34000000000000147,good
33,26,4,1.5,2.04,good
33,27,25,5.409999999999968,0.04000000000000001,good
33,28,243,76.71000000000004,0.030000000000000065,good
33,29,4,0.8300000000000409,0.27,good
33,30,8,1.080000000000041,1.42,good
33,31,18,4.779999999999973,1.18,good
33,33,51,12.690000000000055,2.6700000000000004,good
34,1,267,88.14,1.2400000000000047,good
34,2,2,0.27000000000001023,0.03,good
34,3,131,37.760000000000005,0.029999999999999916,good
34,4,3,0.44999999999998863,0.46,good
34,5,37,8.710000000000008,1.43,good
34,6,2,0.1599999999999966,0.1,good
34,7,42,9.870000000000005,0.03000000000000002,good
34,8,6,0.8400000000000034,0.04,good
34,9,61,13.180000000000007,0.049999999999999954,good
34,11,201,61.43000000000001,0.8499999999999969,good
34,12,4,0.5099999999999909,0.84,good
34,13,18,6.010000000000019,2.3100000000000005,good
34,14,2,0.1599999999999966,0.42,good
34,15,2,0.3299999999999841,0.03,good
34,16,14,3.5999999999999943,0.12000000000000004,good
34,17,9,2.0900000000000034,0.5099999999999999,good
34,18,116,30.940000000000026,0.04000000000000003,good
34,20,155,50.09000000000003,0.28000000000000064,good
34,21,79,35.0,0.8800000000000007,good
34,22,5,0.5699999999999932,0.2,good
34,23,47,19.980000000000018,0.8400000000000005,good
34,24,2,0.3100000000000023,1.31,good
34,25,266,117.15999999999997,0.759999999999998,good
34,26,249,73.70000000000005,0.8899999999999945,good
34,27,13,8.379999999999995,0.54,good
34,28,10,1.6000000000000227,0.8400000000000001,good
34,29,21,10.039999999999964,1.1200000000000006,good
34,30,9,2.9400000000000546,0.52,good
34,32,10,3.580000000000041,0.12999999999999998,good
34,33,13,4.75,0.48000000000000015,good
34,34,4,0.6200000000000045,0.24,good
34,36,4,0.5899999999999181,0.45,good
34,37,8,2.4600000000000364,0.64,good
34,38,8,1.8000000000000682,0.16999999999999998,good
34,39,6,0.9500000000000455,0.37000000000000005,good
34,40,7,1.5299999999999727,0.17999999999999997,good
34,41,11,5.740000000000009,0.5300000000000001,good
34,42,6,1.259999999999991,0.03,good
34,44,29,10.67999999999995,0.12999999999999992,good
34,46,14,3.8700000000000045,0.84,good
34,47,27,7.17999999999995,0.6300000000000003,good
34,48,10,3.019999999999982,0.4800000000000001,good
34,49,15,6.960000000000036,0.84,good
34,50,3,0.7100000000000364,0.68,good
34,51,17,7.090000000000032,0.25,good
34,52,5,1.2100000000000364,0.49000000000000005,good
34,53,7,2.5299999999999727,0.049999999999999996,good
34,54,11,2.810000000000059,0.35000000000000003,good
34,55,7,1.3299999999999272,0.27,good
34,56,3,0.2899999999999636,0.03,good
34,58,18,4.480000000000018,0.21,good
34,61,20,7.490000000000009,1.59,good
34,62,25,8.519999999999982,0.20000000000000007,good
34,63,11,3.2700000000000955,0.5700000000000001,good
34,64,13,2.509999999999991,0.18,good
34,65,20,6.5499999999999545,0.7400000000000001,good
34,66,23,8.100000000000023,0.37,good
34,68,14,5.82000000000005,1.35,good
34,69,5,0.9499999999999318,0.77,good
34,70,3,0.3100000000000591,0.38999999999999996,good
34,71,7,2.009999999999991,0.62,good
34,72,20,7.5,0.030000000000000016,good
34,74,14,2.4799999999999045,1.7100000000000006,good
34,75,11,2.6700000000000728,1.42,good
34,77,14,3.599999999999909,0.58,good
34,78,3,0.6000000000000227,0.47,good
34,79,35,14.67999999999995,0.3000000000000001,good
34,80,8,2.67999999999995,0.84,good
34,81,3,0.6200000000000045,0.5,good
34,82,9,2.8899999999999864,0.43000000000000005,good
34,83,94,28.029999999999973,1.0400000000000018,good
35,1,289,88.72,1.3999999999999941,good
35,2,62,18.679999999999993,0.7000000000000004,good
35,3,12,2.3400000000000034,1.2100000000000002,good
35,4,2,0.18000000000000682,0.03,good
35,5,9,2.75,0.31,good
35,7,33,8.439999999999998,0.08000000000000003,good
35,8,259,112.91999999999999,0.7199999999999991,good
35,9,13,8.289999999999992,0.6899999999999997,good
35,10,7,1.6499999999999773,0.9299999999999999,good
35,11,45,14.159999999999968,0.06999999999999997,good
35,12,40,17.32000000000005,2.5999999999999983,good
35,14,9,4.439999999999998,2.59,good
35,15,146,46.329999999999984,1.0100000000000007,good
35,16,32,12.329999999999984,0.8999999999999995,good
35,18,44,22.029999999999973,0.6000000000000004,good
35,19,34,14.140000000000043,3.450000000000002,good
35,21,32,10.909999999999968,0.7899999999999995,good
35,22,28,9.870000000000005,2.560000000000001,good
35,23,94,31.939999999999998,0.6599999999999984,good
35,24,52,26.389999999999986,2.069999999999997,good
35,25,114,44.289999999999964,0.3699999999999996,good
35,26,323,104.02999999999997,1.4300000000000057,good
35,27,75,24.530000000000086,0.7599999999999996,good
35,28,13,2.550000000000068,0.62,good
35,29,2,0.10000000000002274,0.13,good
35,30,5,1.42999999999995,0.17,good
35,31,5,1.580000000000041,0.55,good
35,32,2,0.15000000000009095,0.03,good
35,33,51,18.519999999999982,0.08999999999999994,good
35,34,28,7.959999999999923,1.43,good
35,35,4,0.7599999999999909,0.33,good
35,36,7,1.5199999999999818,0.03,good
35,37,3,0.7000000000000455,0.15,good
35,38,5,0.9900000000000091,0.03,good
35,39,118,45.030000000000086,0.4699999999999993,good
35,40,8,1.6499999999999773,0.7000000000000001,good
35,41,58,20.510000000000105,0.030000000000000023,good
35,42,13,2.330000000000041,0.9800000000000003,good
35,43,23,10.1400000000001,0.38999999999999996,good
35,44,61,18.41999999999996,0.4400000000000004,good
35,46,102,31.159999999999968,3.360000000000008,good
36,1,182,57.31,1.4700000000000002,good
36,2,375,117.89999999999998,0.6399999999999939,good
36,3,2,0.28000000000000114,0.09,good
36,4,305,103.68999999999997,0.02999999999999999,good
36,5,172,55.39000000000004,1.3199999999999952,good
36,6,40,13.649999999999977,1.090000000000001,good
36,7,4,0.6499999999999773,0.45,good
36,8,428,171.09000000000003,0.530000000000001,good
36,9,267,82.89999999999998,1.0299999999999991,good
36,10,193,61.75,0.5900000000000024,good
36,11,2,0.43000000000006366,0.59,good
36,12,111,40.950000000000045,0.029999999999999936,good
36,14,205,87.94000000000005,0.030000000000000034,good
36,16,9,4.060000000000059,0.030000000000000002,good
36,17,87,24.980000000000018,1.790000000000001,good
37,1,240,78.68,1.5299999999999925,good
37,2,172,82.59,0.7099999999999974,good
37,4,19,10.289999999999992,0.030000000000000016,good
37,6,24,12.150000000000006,1.0100000000000005,good
37,7,6,1.1200000000000045,2.0500000000000003,good
37,8,44,20.789999999999992,0.16999999999999996,good
37,10,145,57.18000000000001,0.23999999999999955,good
37,12,24,14.560000000000002,0.9800000000000003,good
37,13,210,66.11000000000001,0.9199999999999968,good
37,14,11,2.7200000000000273,1.0600000000000003,good
37,15,19,4.980000000000018,0.030000000000000016,good
37,16,19,5.2900000000000205,0.16999999999999996,good
37,17,33,8.860000000000014,0.5299999999999998,good
37,18,9,1.420000000000016,0.030000000000000002,good
37,19,3,0.5200000000000387,0.26,good
37,20,5,0.8700000000000045,1.14,good
37,21,7,1.490000000000009,0.29,good
37,22,38,12.239999999999952,0.27999999999999997,good
37,23,6,0.6299999999999955,0.22,good
37,24,5,0.5799999999999841,0.25,good
37,25,39,12.939999999999998,0.5399999999999995,good
37,27,129,47.71999999999997,0.02999999999999992,good
37,28,16,3.5,0.2400000000000001,good
37,29,3,0.4900000000000091,0.05000000000000001,good
37,30,33,10.240000000000009,0.03000000000000002,good
37,31,29,5.1299999999999955,0.03000000000000002,good
37,32,18,7.710000000000036,0.42999999999999994,good
37,34,79,21.960000000000036,0.5,good
37,36,2,0.06999999999993634,0.09,good
37,37,12,3.5399999999999636,0.27,good
37,38,5,1.0600000000000591,0.04,good
37,39,7,1.3899999999999864,0.04,good
37,41,48,12.159999999999968,0.030000000000000023,good
37,42,29,6.8700000000000045,0.8999999999999996,good
37,43,14,5.0499999999999545,0.2,good
37,45,3,0.30999999999994543,0.03,good
37,47,2,0.14999999999997726,0.07,good
37,48,8,1.67999999999995,0.18999999999999997,good
37,50,5,0.6499999999999773,0.05,good
37,51,3,0.4500000000000455,0.06,good
37,52,16,4.199999999999932,0.030000000000000013,good
37,53,249,105.03000000000009,0.24000000000000057,good
37,54,2,0.15999999999996817,0.03,good
37,55,22,9.019999999999982,0.2800000000000002,good
37,56,58,23.82000000000005,0.39000000000000035,good
37,57,21,5.189999999999941,1.1099999999999999,good
37,58,25,11.470000000000027,0.3600000000000001,good
37,60,9,1.9100000000000819,0.59,good
37,61,20,7.5,0.5199999999999998,good
37,62,16,4.82000000000005,0.08,good
37,63,20,7.150000000000091,1.1999999999999997,good
37,65,4,0.5799999999999272,0.48,good
37,66,78,26.15000000000009,0.4899999999999997,good
37,67,2,0.2899999999999636,0.03,good
37,68,6,1.8799999999999955,1.04,good
37,69,2,0.15999999999996817,0.03,good
37,70,3,1.259999999999991,0.9899999999999999,good
37,72,2,0.44000000000005457,1.51,good
37,73,173,53.40999999999997,0.14000000000000035,good
38,1,258,78.7,0.919999999999995,good
38,2,168,72.75999999999999,0.9000000000000028,good
38,4,86,31.129999999999995,0.029999999999999975,good
38,5,2,0.15000000000000568,0.84,good
38,6,79,37.69999999999999,0.25,good
38,7,81,21.880000000000024,2.4799999999999973,good
38,8,340,140.57,0.6399999999999947,good
38,9,244,70.94,1.2099999999999995,good
38,10,80,27.69999999999999,0.6300000000000008,good
38,11,3,0.4000000000000341,0.03,good
38,12,242,80.03000000000003,0.170000000000001,good
38,14,48,19.050000000000068,0.25999999999999984,good
38,15,3,0.2400000000000091,0.47,good
38,16,3,0.34000000000003183,2.13,good
38,17,4,0.6100000000000136,0.86,good
38,18,100,25.99000000000001,2.569999999999995,good
38,19,135,40.17000000000007,0.6299999999999998,good
38,20,289,88.12,0.5500000000000006,good
38,22,34,7.860000000000014,1.0,good
38,23,6,0.8999999999999773,0.25,good
38,24,186,58.549999999999955,0.25,good
38,25,93,28.42999999999995,3.3399999999999976,good
39,1,314,103.25,1.8999999999999888,good
39,2,124,43.230000000000004,0.9200000000000015,good
39,4,218,82.80000000000001,0.6899999999999984,good
39,6,3,0.38999999999998636,0.14,good
39,7,49,18.659999999999997,0.04000000000000002,good
39,9,98,32.60000000000002,0.13000000000000023,good
39,11,88,29.0,0.07000000000000006,good
39,12,5,0.67999999999995,0.49000000000000005,good
39,13,4,0.9800000000000182,0.43,good
39,14,225,64.32,1.3000000000000056,good
39,15,90,28.96999999999997,0.75,good
39,17,6,0.8299999999999841,1.5199999999999998,good
39,18,9,3.5600000000000023,0.59,good
39,19,13,4.139999999999986,1.91,good
39,20,60,22.5,0.18999999999999997,good
39,21,5,0.6899999999999977,0.56,good
39,22,6,1.5600000000000023,0.19999999999999998,good
39,24,45,14.830000000000041,0.06999999999999997,good
39,25,2,0.12999999999999545,0.41,good
39,26,3,0.7699999999999818,0.05000000000000001,good
39,27,6,0.9200000000000159,0.3,good
39,29,14,4.599999999999966,0.4,good
39,30,2,0.17999999999994998,1.02,good
39,31,11,2.2199999999999704,1.17,good
39,33,14,4.420000000000016,0.8699999999999998,good
39,34,5,1.410000000000025,0.4,good
39,35,18,7.009999999999991,0.6199999999999998,good
39,37,2,0.4899999999998954,0.39,good
39,38,14,5.970000000000027,0.16999999999999996,good
39,39,2,0.22000000000002728,0.08,good
39,40,45,16.279999999999973,0.5199999999999997,good
39,41,2,0.10000000000002274,0.41,good
39,42,67,27.8900000000001,1.0399999999999998,good
39,43,3,1.0599999999999454,0.26,good
39,44,17,3.7299999999999045,0.05000000000000001,good
39,45,3,0.39999999999997726,0.9899999999999999,good
39,46,2,0.17000000000007276,0.45,good
39,47,39,12.839999999999918,0.7800000000000004,good
39,48,19,5.350000000000023,1.68,good
39,49,4,0.5499999999999545,0.09,good
39,50,190,55.65999999999997,1.229999999999996,good
39,51,361,103.59000000000003,0.6699999999999949,good
39,53,21,4.060000000000059,0.11000000000000003,good
39,54,7,1.6399999999999864,0.88,good
39,55,197,56.989999999999895,0.6400000000000005,good
39,56,107,31.299999999999955,0.7399999999999995,good
39,57,26,7.1200000000000045,4.0900000000000025,good
39,58,2,0.5,0.38,good
39,59,22,4.789999999999964,0.29,good
39,60,8,1.5199999999999818,1.11,good
39,61,3,0.9199999999999591,0.04,good
39,62,4,1.3700000000000045,0.12,good
39,63,11,3.3600000000000136,0.06000000000000001,good
39,64,17,3.669999999999959,0.14000000000000007,good
39,65,2,0.2699999999999818,0.03,good
39,66,18,3.1299999999999955,0.26999999999999996,good
39,68,3,0.4500000000000455,0.21,good
39,69,2,0.38999999999998636,0.13,good
39,71,3,0.3100000000000591,0.03,good
39,72,21,5.069999999999936,1.0100000000000005,good
39,73,2,0.2699999999999818,0.03,good
39,74,12,4.6200000000000045,0.03000000000000001,good
39,75,97,37.39999999999998,0.840000000000002,good
39,76,7,1.330000000000041,2.77,good
39,77,4,0.5300000000000864,0.22,good
39,78,25,5.3799999999999955,0.030000000000000016,good
39,79,2,0.18000000000006366,0.26,good
39,80,27,9.32000000000005,0.03000000000000002,good
39,81,7,17.920000000000073,0.35999999999999993,good
40,1,9,2.3400000000000034,0.75,good
40,2,3,0.45999999999999375,0.53,good
40,3,326,103.08000000000001,0.20000000000000118,good
40,5,262,84.29000000000002,0.12999999999999984,good
40,6,110,35.81,0.8199999999999982,good
40,7,125,44.00999999999999,0.5200000000000014,good
40,9,79,28.149999999999977,1.0999999999999992,good
40,11,9,2.3000000000000114,0.41000000000000003,good
40,13,18,4.900000000000034,0.28000000000000014,good
40,15,69,26.319999999999993,0.030000000000000016,good
40,16,2,0.23999999999995225,0.04,good
40,17,3,0.6400000000000432,0.52,good
40,19,172,63.120000000000005,0.3999999999999994,good
40,20,208,68.08000000000004,0.8000000000000009,good
40,21,14,4.509999999999991,0.6100000000000001,good
40,22,15,3.9400000000000546,0.14999999999999997,good
40,23,9,1.7100000000000364,0.46999999999999986,good
40,25,14,3.7100000000000364,0.43,good
40,26,2,0.2999999999999545,0.17,good
40,27,19,4.909999999999968,0.20000000000000007,good
40,28,17,3.25,1.09,good
40,29,2,0.6700000000000728,0.25,good
40,30,17,6.860000000000014,0.46,good
40,31,4,0.6599999999999682,1.6,good
40,33,38,11.259999999999991,0.24000000000000016,good
40,34,8,1.6499999999999773,0.03,good
40,35,16,8.180000000000064,0.7599999999999999,good
40,36,3,0.6100000000000136,0.18000000000000002,good
40,37,10,2.82000000000005,0.5700000000000001,good
40,39,39,9.709999999999923,0.4399999999999999,good
40,40,26,7.4500000000000455,0.25,good
40,41,2,0.18999999999994088,0.07,good
40,42,36,13.759999999999991,0.040000000000000015,good
40,43,63,21.309999999999945,0.16999999999999996,good
40,44,9,1.419999999999959,0.25,good
40,45,2,0.11000000000001364,1.26,good
40,47,6,2.5299999999999727,2.02,good
40,48,53,16.840000000000032,0.22000000000000014,good
40,49,4,0.8099999999999454,0.52,good
40,50,9,2.6299999999999955,0.030000000000000002,good
40,51,43,15.639999999999986,1.1899999999999993,good
40,52,75,19.639999999999986,0.5200000000000002,good
40,53,3,0.4799999999999045,0.3499999999999999,good
40,54,34,8.300000000000068,0.03000000000000002,good
40,55,12,4.719999999999914,0.06000000000000002,good
40,56,6,0.849999999999909,0.25,good
40,58,412,158.26999999999998,0.7700000000000001,good
41,1,255,80.00999999999999,1.6499999999999935,good
41,2,483,162.63,0.43999999999999817,good
41,3,160,53.75,0.7099999999999976,good
41,4,28,9.949999999999989,0.5,good
41,5,2,0.160000000000025,0.41,good
41,6,157,49.16999999999996,0.029999999999999964,good
41,7,4,0.5699999999999932,1.12,good
41,8,43,16.019999999999982,0.75,good
41,9,5,0.8700000000000045,0.68,good
41,10,18,5.440000000000055,0.030000000000000013,good
41,12,63,20.980000000000018,0.8400000000000013,good
41,13,105,32.400000000000034,0.6099999999999995,good
41,14,104,33.31,0.689999999999999,good
41,16,86,28.980000000000018,0.04999999999999991,good
41,18,6,1.8600000000000136,0.08999999999999998,good
41,20,31,11.800000000000068,0.12999999999999992,good
41,21,11,2.2200000000000273,0.5300000000000001,good
41,22,54,18.769999999999982,0.25,good
41,24,9,3.269999999999982,0.04,good
41,25,5,0.4800000000000182,0.03,good
41,27,30,9.019999999999982,0.8799999999999998,good
41,28,2,0.7300000000000182,0.16,good
41,29,49,20.379999999999995,0.04999999999999999,good
41,30,3,0.2899999999999636,0.08,good
41,31,47,20.769999999999982,0.049999999999999996,good
41,32,136,41.180000000000064,1.8100000000000018,good
41,33,38,13.300000000000068,0.7800000000000004,good
41,34,2,0.13999999999998636,0.79,good
41,35,8,2.0699999999999363,0.16999999999999998,good
41,36,2,0.12000000000000455,0.03,good
41,37,15,5.219999999999914,0.36000000000000004,good
41,39,25,6.6200000000000045,0.5700000000000002,good
41,40,19,5.760000000000105,1.0500000000000003,good
41,41,8,1.5,0.58,good
41,42,9,1.7300000000000182,0.42,good
41,43,18,4.360000000000014,1.5799999999999994,good
41,44,4,0.8599999999999,0.42,good
41,45,3,0.8900000000001,0.03,good
41,46,3,0.4199999999999591,0.54,good
41,47,13,5.290000000000077,0.28000000000000014,good
41,48,3,0.37000000000000455,0.15,good
41,49,9,1.5,0.19999999999999998,good
41,50,36,14.129999999999995,0.3900000000000002,good
41,51,5,1.6600000000000819,1.31,good
41,52,14,3.6000000000000227,0.15999999999999998,good
41,53,6,1.6599999999999682,0.84,good
41,54,19,6.860000000000014,0.3399999999999999,good
41,55,10,3.909999999999968,0.6399999999999999,good
41,56,78,30.269999999999982,0.8400000000000016,good
41,57,5,1.07000000000005,0.56,good
41,58,21,11.059999999999945,0.4900000000000001,good
41,59,3,0.6499999999999773,0.58,good
41,61,46,14.899999999999977,0.24000000000000019,good
41,62,96,27.639999999999986,1.530000000000001,good
41,64,173,52.75999999999999,0.029999999999999992,good
41,65,2,0.2400000000000091,0.29,good
41,66,3,0.2799999999999727,1.74,good
41,67,13,3.6000000000000227,0.05,good
41,68,4,0.7699999999999818,1.24,good
41,69,30,8.339999999999918,0.25,good
41,70,3,1.0699999999999363,0.19000000000000003,good
41,71,9,2.3500000000000227,0.29,good
41,72,7,1.1899999999999409,1.4800000000000002,good
41,73,76,25.539999999999964,0.6000000000000009,good
41,74,2,0.31999999999993634,0.49,good
41,75,7,17.91999999999996,0.35000000000000003,good
42,1,235,57.81,0.4300000000000023,bad
42,2,156,43.91000000000001,0.07000000000000016,bad
42,3,24,7.52000000000001,1.1499999999999995,bad
43,1,34,9.059999999999999,0.4900000000000001,bad
43,2,16,2.780000000000001,0.6799999999999998,bad
43,3,7,1.3999999999999986,0.6900000000000001,bad
43,4,6,0.8500000000000014,0.61,bad
43,5,39,9.170000000000002,0.19000000000000017,bad
43,6,16,3.8699999999999974,0.060000000000000026,bad
43,7,10,1.8800000000000026,0.19999999999999998,bad
43,8,8,1.8399999999999963,0.9000000000000001,bad
43,9,7,0.9299999999999997,0.5,bad
43,10,31,11.510000000000005,0.21,bad
43,11,58,21.159999999999997,0.24000000000000019,bad
43,12,29,7.180000000000007,0.59,bad
43,13,30,9.740000000000009,0.46000000000000035,bad
43,14,17,3.6099999999999994,0.20000000000000004,bad
43,15,2,0.15000000000000568,0.62,bad
43,16,9,2.700000000000003,0.45000000000000007,bad
43,17,3,0.4299999999999926,0.09000000000000001,bad
43,18,2,0.4100000000000108,0.25,bad
43,19,6,1.1500000000000057,0.03,bad
43,20,6,1.0300000000000011,0.66,bad
43,21,6,1.3400000000000034,1.45,bad
43,22,8,2.3000000000000114,0.4900000000000001,bad
43,23,21,7.210000000000008,0.12000000000000006,bad
43,24,2,0.30000000000001137,0.7,bad
43,25,2,0.2599999999999909,0.22,bad
43,26,36,12.039999999999992,0.03000000000000002,bad
43,28,2,0.2699999999999818,0.19,bad
43,29,16,4.920000000000016,0.030000000000000013,bad
43,30,2,0.13999999999998636,0.2,bad
43,31,35,10.419999999999987,0.03000000000000002,bad
43,32,13,5.1699999999999875,0.11000000000000003,bad
43,33,5,1.4699999999999989,0.4,bad
43,34,5,0.8400000000000034,0.1,bad
43,35,13,3.030000000000001,0.1,bad
43,36,12,7.439999999999998,0.4699999999999998,bad
43,37,2,0.8700000000000045,0.93,bad
43,38,2,0.27000000000001023,0.2,bad
43,40,10,1.4399999999999977,0.11000000000000001,bad
44,1,2,0.21000000000000008,0.25,bad
44,2,57,15.56,0.09999999999999992,bad
44,3,2,0.46000000000000085,0.03,bad
44,4,7,1.4000000000000021,0.03,bad
44,5,3,0.28000000000000114,0.03,bad
44,6,9,1.5899999999999999,0.18999999999999997,bad
44,7,2,0.3999999999999986,0.06,bad
44,9,18,4.729999999999997,0.14000000000000007,bad
44,10,9,1.990000000000002,0.16,bad
44,11,6,1.0499999999999972,0.12,bad
44,12,17,5.259999999999998,0.14000000000000007,bad
44,13,14,2.5899999999999963,0.14999999999999997,bad
44,14,12,3.0700000000000003,0.09999999999999999,bad
44,15,55,13.610000000000007,0.4899999999999995,bad
44,16,25,6.509999999999998,0.18000000000000005,bad
44,17,8,2.4599999999999937,0.14,bad
44,18,5,0.769999999999996,0.22000000000000003,bad
44,19,4,0.6799999999999926,0.31,bad
44,20,5,1.0999999999999943,0.13,bad
44,22,4,0.9299999999999926,0.03,bad
44,23,4,0.36999999999999034,0.44,bad
44,24,17,4.109999999999999,0.12999999999999995,bad
44,25,3,0.30000000000001137,0.05000000000000001,bad
44,26,6,0.980000000000004,0.14,bad
44,27,9,1.9000000000000057,0.23000000000000004,bad
44,28,8,2.219999999999999,0.09999999999999999,bad
44,29,4,0.710000000000008,0.17,bad
44,30,5,0.8299999999999983,0.32,bad
44,31,2,0.18999999999999773,0.43,bad
44,32,14,3.3400000000000034,0.11000000000000003,bad
44,33,2,0.1700000000000017,0.08,bad
44,35,3,0.7000000000000028,0.03,bad
44,36,45,15.370000000000005,0.13999999999999993,bad
44,38,3,0.4399999999999977,0.03,bad
44,39,3,0.3999999999999915,0.18000000000000002,bad
44,40,2,0.14000000000000057,0.18,bad
44,42,29,7.950000000000003,0.06000000000000004,bad
44,43,7,2.170000000000016,0.21,bad
44,44,14,2.8600000000000136,0.03000000000000001,bad
44,46,24,7.030000000000001,0.21,bad
44,47,14,2.8799999999999955,0.2,bad
44,48,4,1.0500000000000114,0.03,bad
44,49,7,1.039999999999992,0.84,bad
44,50,3,0.6599999999999966,0.38999999999999996,bad
44,51,2,0.6099999999999852,0.03,bad
44,52,32,10.530000000000001,0.3200000000000001,bad
44,53,7,1.210000000000008,0.23,bad
44,54,3,0.7800000000000011,0.03,bad
44,55,3,0.4300000000000068,0.16,bad
44,56,14,2.950000000000017,0.14999999999999997,bad
44,57,10,2.9000000000000057,0.06000000000000001,bad
44,58,12,2.829999999999984,0.2800000000000001,bad
44,59,5,0.6500000000000057,0.35,bad
44,60,2,0.1699999999999875,0.3,bad
44,61,6,1.1299999999999955,0.049999999999999996,bad
44,62,20,4.610000000000014,0.14999999999999997,bad
44,63,27,7.3700000000000045,0.46000000000000035,bad
44,64,6,1.259999999999991,0.23,bad
44,65,7,1.490000000000009,0.03,bad
44,66,78,21.53,0.029999999999999992,bad
44,67,3,0.25,0.32,bad
44,68,6,0.9000000000000057,0.03,bad
44,69,3,0.4800000000000182,0.29,bad
44,70,29,7.079999999999984,0.24000000000000016,bad
44,71,37,12.189999999999998,0.21999999999999992,bad
44,72,26,5.3700000000000045,0.2800000000000002,bad
44,73,6,0.8000000000000114,0.37000000000000005,bad
44,74,6,1.2700000000000102,0.17999999999999997,bad
44,75,8,1.4399999999999977,0.46,bad
44,76,14,4.850000000000023,0.31,bad
44,77,2,0.12999999999999545,1.03,bad
44,78,77,22.810000000000002,0.17999999999999983,bad
44,79,19,5.519999999999982,0.11000000000000004,bad
44,80,7,1.2199999999999704,0.06,bad
44,81,5,1.0699999999999932,0.05,bad
44,82,6,0.8700000000000045,0.03,bad
44,83,5,0.8700000000000045,0.08,bad
44,84,40,11.509999999999991,0.33,bad
44,85,20,3.6000000000000227,0.20000000000000004,bad
44,86,2,0.2599999999999909,0.03,bad
44,87,20,5.169999999999959,0.22000000000000006,bad
44,88,12,2.0,0.25,bad
44,89,5,1.5600000000000023,0.03,bad
44,90,8,1.599999999999966,0.12,bad
44,91,14,3.0299999999999727,0.16999999999999996,bad
44,92,17,3.6899999999999977,0.2599999999999999,bad
44,93,11,3.420000000000016,0.030000000000000006,bad
44,95,42,9.860000000000014,0.04000000000000002,bad
44,96,48,11.779999999999973,0.04000000000000002,bad
44,97,3,0.28000000000002956,0.26,bad
44,98,24,4.6200000000000045,0.30999999999999983,bad
44,99,18,4.180000000000007,0.21,bad
44,102,3,0.8899999999999864,0.07,bad
44,103,2,0.40999999999996817,0.04,bad
44,104,48,12.5,0.030000000000000023,bad
44,105,155,43.339999999999975,0.04000000000000003,bad
44,106,7,1.5699999999999932,0.15,bad
44,109,2,0.4500000000000455,0.03,bad
44,110,25,7.800000000000011,0.06000000000000003,bad
44,111,4,0.4399999999999977,0.03,bad
44,112,6,0.9400000000000546,0.12,bad
44,113,9,2.420000000000016,0.27,bad
44,114,16,4.160000000000025,0.18000000000000002,bad
44,115,3,0.2899999999999636,0.13,bad
44,116,39,10.75,0.05000000000000003,bad
44,117,5,0.9899999999999523,0.2,bad
44,118,6,2.5100000000000477,0.03,bad
44,119,17,3.359999999999957,0.29,bad
44,121,10,2.3899999999999864,0.4800000000000001,bad
44,123,8,1.420000000000016,0.16,bad
44,124,5,0.9200000000000159,0.14,bad
44,125,22,4.529999999999973,0.06000000000000003,bad
44,126,38,8.449999999999989,0.2000000000000001,bad
44,127,7,1.1999999999999886,0.19999999999999998,bad
44,128,22,5.3700000000000045,0.2300000000000001,bad
44,129,3,0.5,0.11,bad
44,130,32,9.490000000000066,0.3699999999999998,bad
44,131,20,5.399999999999977,0.8499999999999999,bad
44,132,3,0.4199999999999591,0.41,bad
44,133,4,0.6299999999999955,0.03,bad
44,134,17,3.42999999999995,0.09000000000000001,bad
44,135,2,0.14999999999997726,0.28,bad
44,136,6,1.25,1.2300000000000002,bad
44,137,3,0.6399999999999864,0.86,bad
44,138,11,3.7999999999999545,0.030000000000000006,bad
44,139,13,4.909999999999968,0.12999999999999995,bad
44,140,11,3.4600000000000364,0.030000000000000006,bad
44,141,9,2.0799999999999272,0.030000000000000002,bad
44,142,12,3.4700000000000273,0.37999999999999995,bad
44,143,3,0.1999999999999318,0.38000000000000006,bad
44,144,6,1.259999999999991,0.11,bad
44,145,20,5.6299999999999955,0.3600000000000001,bad
45,1,29,8.999999999999998,0.5199999999999997,bad
45,3,75,22.119999999999997,0.03,bad
45,4,121,30.650000000000006,0.029999999999999926,bad
45,5,18,4.47999999999999,0.030000000000000013,bad
45,7,32,9.86999999999999,0.3699999999999998,bad
45,8,23,7.030000000000001,0.46000000000000024,bad
45,9,78,21.519999999999996,0.049999999999999926,bad
45,10,23,7.27000000000001,0.24000000000000013,bad
45,11,51,14.060000000000002,0.2200000000000001,bad
45,12,73,21.829999999999984,0.11000000000000014,bad
45,13,182,48.46000000000001,0.10999999999999972,bad
45,14,8,2.6500000000000057,0.18999999999999997,bad
45,15,3,0.5,0.07,bad
45,16,37,8.75,0.23000000000000023,bad
45,17,38,8.439999999999998,0.3599999999999999,bad
45,18,7,1.1299999999999955,0.08999999999999998,bad
45,19,7,1.6200000000000045,0.26,bad
45,20,33,7.360000000000014,0.03000000000000002,bad
45,21,16,4.910000000000025,0.030000000000000013,bad
45,22,70,17.980000000000018,0.37999999999999984,bad
45,23,128,36.660000000000025,0.02999999999999992,bad
45,24,43,10.79000000000002,0.1799999999999999,bad
45,25,3,0.3299999999999841,0.03,bad
45,26,47,11.319999999999993,0.030000000000000023,bad
45,27,65,18.339999999999975,0.23000000000000032,bad
45,28,23,6.560000000000002,1.09,bad
45,29,137,33.950000000000045,0.17000000000000048,bad
45,30,66,18.319999999999993,0.42999999999999977,bad
45,31,164,46.920000000000016,0.029999999999999978,bad
45,32,41,10.25,0.20000000000000007,bad
45,33,65,17.760000000000048,0.23000000000000032,bad
45,34,14,3.5500000000000114,0.25,bad
45,35,62,15.479999999999961,0.5100000000000007,bad
45,36,53,17.859999999999957,0.06999999999999995,bad
45,37,29,8.159999999999968,0.03000000000000002,bad
45,38,19,3.849999999999909,0.7699999999999998,bad
45,39,73,21.99000000000001,0.39999999999999947,bad
45,40,26,8.709999999999923,0.03000000000000002,bad
45,41,61,16.07000000000005,0.030000000000000023,bad
45,42,70,22.340000000000032,0.3700000000000001,bad
45,43,28,9.059999999999945,0.19000000000000009,bad
45,44,14,2.5,0.35,bad
45,45,60,15.110000000000014,0.030000000000000023,bad
45,46,26,6.649999999999977,0.18000000000000002,bad
45,47,39,8.779999999999973,0.03000000000000002,bad
46,1,60,13.36,0.32999999999999974,bad
46,2,37,9.11,0.08000000000000003,bad
46,3,89,24.07999999999999,0.16999999999999996,bad
46,4,127,31.120000000000005,0.07000000000000013,bad
46,5,52,14.840000000000003,0.04000000000000002,bad
46,6,11,2.180000000000007,0.030000000000000006,bad
46,7,46,13.350000000000009,0.030000000000000023,bad
46,8,7,2.3700000000000045,0.25,bad
46,9,43,13.310000000000002,0.1500000000000001,bad
46,10,5,0.9699999999999989,0.17,bad
46,11,11,2.2399999999999807,0.09999999999999999,bad
46,12,30,8.810000000000002,0.03000000000000002,bad
46,13,10,2.079999999999984,0.16999999999999998,bad
46,14,8,1.4300000000000068,0.25,bad
46,15,68,16.94999999999999,0.799999999999999,bad
46,16,18,4.069999999999993,0.05000000000000002,bad
46,17,14,2.6799999999999784,0.2,bad
46,18,13,2.3100000000000023,0.5700000000000001,bad
46,19,8,1.960000000000008,0.35999999999999993,bad
46,20,31,6.359999999999985,0.03000000000000002,bad
46,21,12,2.3499999999999943,0.03000000000000001,bad
46,22,8,1.5900000000000034,0.14,bad
46,23,8,1.579999999999984,0.42,bad
46,26,23,5.990000000000009,0.37,bad
46,27,59,16.710000000000008,0.030000000000000023,bad
46,28,32,5.689999999999998,0.14000000000000004,bad
46,29,18,6.980000000000018,0.030000000000000013,bad
46,30,34,6.75,0.03000000000000002,bad
46,31,5,0.8999999999999773,0.53,bad
46,32,39,9.579999999999984,0.12999999999999992,bad
46,34,3,0.5099999999999909,0.08,bad
46,35,78,21.03000000000003,0.8999999999999995,bad
46,36,23,5.5400000000000205,0.10000000000000003,bad
46,37,81,17.20999999999998,0.16999999999999996,bad
46,38,2,0.13999999999998636,0.29,bad
46,39,17,3.410000000000025,0.05000000000000001,bad
46,40,70,23.610000000000014,0.030000000000000013,bad
46,41,71,20.639999999999986,0.26000000000000006,bad
46,42,14,3.680000000000007,0.03000000000000001,bad
46,44,4,0.7899999999999636,0.14,bad
46,45,28,7.949999999999989,0.050000000000000024,bad
46,46,3,0.4500000000000455,0.32,bad
46,47,3,0.6100000000000136,0.20000000000000004,bad
46,48,7,1.6000000000000227,0.18999999999999997,bad
46,49,2,0.4200000000000159,0.18,bad
46,50,65,14.519999999999982,0.060000000000000046,bad
46,52,42,10.259999999999991,0.05000000000000001,bad
46,53,66,20.129999999999995,0.21000000000000035,bad
46,54,14,2.9899999999999523,0.2,bad
46,55,91,24.399999999999977,0.11999999999999986,bad
46,56,22,7.590000000000032,0.1400000000000001,bad
46,57,9,4.430000000000007,0.52,bad
46,58,22,5.029999999999973,0.10000000000000003,bad
47,1,7,1.870000000000001,0.17999999999999997,bad
47,2,6,1.1699999999999982,0.26,bad
47,3,87,20.21,0.3000000000000005,bad
47,4,14,3.9299999999999997,0.07999999999999999,bad
47,5,151,38.49,0.3599999999999996,bad
47,6,52,10.950000000000003,0.19000000000000006,bad
47,7,163,41.69,0.17999999999999977,bad
47,8,46,12.789999999999992,0.46999999999999986,bad
47,9,120,29.480000000000018,0.029999999999999926,bad
47,10,44,12.710000000000008,0.1799999999999999,bad
47,11,137,36.110000000000014,0.0899999999999999,bad
47,12,24,4.8799999999999955,0.16000000000000006,bad
47,13,62,14.969999999999999,0.2699999999999997,bad
47,14,25,6.919999999999959,0.030000000000000016,bad
47,15,68,16.389999999999986,0.11000000000000013,bad
47,16,6,1.1999999999999886,0.04,bad
47,17,53,13.150000000000034,0.25,bad
47,18,55,14.740000000000009,0.04999999999999997,bad
47,19,5,1.0400000000000205,0.38,bad
47,20,8,1.0600000000000023,0.04,bad
47,21,77,19.94999999999999,0.6199999999999993,bad
47,22,39,9.840000000000032,0.06000000000000004,bad
47,23,79,19.120000000000005,0.3700000000000002,bad
47,24,16,4.060000000000002,0.030000000000000013,bad
47,25,43,12.509999999999991,0.26999999999999974,bad
47,26,76,18.360000000000014,0.48999999999999966,bad
47,27,147,37.39999999999998,0.0899999999999999,bad
47,28,43,10.340000000000032,0.030000000000000023,bad
47,29,85,22.090000000000032,0.5399999999999994,bad
47,30,15,3.2199999999999704,0.22000000000000008,bad
47,31,53,12.20999999999998,0.12000000000000009,bad
47,32,5,1.920000000000016,0.4,bad
47,33,59,13.300000000000011,0.5399999999999994,bad
47,35,22,4.940000000000055,0.06000000000000003,bad
47,36,9,1.3500000000000227,0.31,bad
47,37,53,11.0,0.24000000000000019,bad
47,38,13,2.509999999999991,0.35,bad
47,39,88,22.970000000000027,0.19999999999999965,bad
47,40,108,28.300000000000068,0.17999999999999983,bad
47,41,83,19.700000000000045,0.3700000000000003,bad
47,42,21,6.42999999999995,0.09000000000000002,bad
47,43,13,2.3099999999999454,0.11000000000000003,bad
47,44,7,1.0199999999999818,0.11,bad
47,45,51,13.309999999999945,0.030000000000000023,bad
47,46,23,5.830000000000041,0.33,bad
47,47,34,6.82000000000005,0.3399999999999999,bad
47,48,4,0.8899999999999864,0.31,bad
47,49,58,16.059999999999945,0.5,bad
47,50,24,7.470000000000027,0.4299999999999999,bad
47,51,124,31.290000000000077,0.029999999999999923,bad
47,52,11,2.8600000000000136,0.44000000000000006,bad
47,53,38,9.710000000000036,0.5799999999999995,bad
47,55,33,6.790000000000077,0.24000000000000016,bad
47,56,32,7.100000000000023,0.08000000000000003,bad
47,57,115,31.280000000000086,0.25,bad
47,58,15,3.449999999999932,0.030000000000000013,bad
47,59,45,12.200000000000045,0.3200000000000002,bad
47,60,29,7.759999999999991,0.10999999999999999,bad
47,61,38,7.619999999999891,0.30000000000000016,bad
48,1,58,18.44,0.5399999999999994,bad
48,2,7,1.1699999999999982,0.08999999999999998,bad
48,3,71,19.799999999999997,0.12000000000000004,bad
48,4,5,0.7899999999999991,0.13,bad
48,5,22,4.840000000000003,0.34999999999999987,bad
48,6,6,0.8299999999999983,0.07,bad
48,7,96,25.419999999999995,0.7800000000000008,bad
48,8,51,13.769999999999996,0.030000000000000023,bad
48,9,52,14.560000000000002,0.6299999999999998,bad
48,10,48,11.36,0.04000000000000002,bad
48,11,39,12.969999999999999,0.27999999999999997,bad
48,12,16,5.159999999999997,0.14999999999999997,bad
48,13,49,13.359999999999985,0.04999999999999999,bad
48,14,10,2.030000000000001,0.030000000000000006,bad
48,15,32,10.050000000000011,0.2300000000000002,bad
48,16,2,0.18000000000000682,0.21,bad
48,17,5,0.7299999999999898,0.11000000000000001,bad
48,18,79,23.560000000000002,0.15000000000000022,bad
48,19,118,33.0,0.8400000000000022,bad
48,21,17,4.009999999999991,0.030000000000000013,bad
48,22,182,49.400000000000034,0.14999999999999955,bad
48,23,66,19.810000000000002,0.3399999999999999,bad
48,24,6,1.1299999999999955,0.03,bad
48,25,56,14.139999999999986,0.44000000000000034,bad
48,26,73,21.139999999999986,0.04999999999999993,bad
48,27,81,24.189999999999998,0.11999999999999994,bad
48,28,37,8.589999999999975,0.33,bad
48,29,121,34.05000000000001,0.40999999999999887,bad
49,1,2,0.16000000000000014,0.13,bad
49,2,17,4.67,0.030000000000000013,bad
49,4,18,5.279999999999999,0.10000000000000003,bad
49,5,5,0.5600000000000023,0.15,bad
49,6,2,0.14000000000000057,0.03,bad
49,7,112,33.370000000000005,0.029999999999999936,bad
49,8,35,10.560000000000002,0.14,bad
49,9,66,17.75,0.6499999999999992,bad
49,10,2,0.7800000000000011,0.09,bad
49,11,4,0.9500000000000028,0.25,bad
49,13,76,23.689999999999998,0.08000000000000004,bad
49,14,19,4.0,0.030000000000000016,bad
49,15,118,34.59,0.23000000000000037,bad
49,16,73,16.810000000000002,0.07000000000000002,bad
49,17,23,3.940000000000026,0.16999999999999996,bad
49,19,58,16.069999999999993,0.030000000000000023,bad
49,21,48,12.240000000000009,0.25,bad
49,22,15,3.240000000000009,0.5,bad
49,23,107,31.289999999999992,0.39000000000000046,bad
49,24,30,6.310000000000002,0.18,bad
49,25,62,19.299999999999983,0.049999999999999954,bad
49,26,24,6.199999999999989,0.12000000000000006,bad
49,27,67,23.16999999999996,0.3500000000000003,bad
49,28,54,14.379999999999995,0.1600000000000001,bad
49,29,116,31.079999999999984,0.39999999999999913,bad
49,30,6,0.9399999999999977,0.049999999999999996,bad
49,32,3,0.42999999999995,0.19000000000000003,bad
49,33,33,9.950000000000045,0.08000000000000003,bad
49,35,68,18.890000000000043,0.03000000000000002,bad
49,36,58,14.939999999999998,0.04000000000000002,bad
49,37,2,0.30000000000001137,0.46,bad
49,38,32,7.53000000000003,0.12999999999999992,bad
49,40,11,1.57000000000005,0.12999999999999998,bad
49,41,26,8.230000000000018,0.4800000000000003,bad
49,42,26,5.090000000000032,0.36000000000000004,bad
49,43,41,12.810000000000002,0.08000000000000004,bad
49,45,43,11.909999999999968,0.13999999999999996,bad
49,46,111,29.19999999999999,0.32999999999999907,bad
49,47,171,52.670000000000016,0.34000000000000147,bad
49,48,2,0.09000000000003183,0.03,bad
49,49,18,3.490000000000009,0.32000000000000006,bad
49,50,83,17.319999999999936,0.11999999999999993,bad
49,51,95,26.3599999999999,0.39999999999999925,bad
49,52,34,9.610000000000014,0.3399999999999999,bad
49,53,112,30.67999999999995,0.8100000000000013,bad
49,54,40,11.870000000000005,0.39000000000000024,bad
49,55,53,12.81000000000006,0.9500000000000007,bad
49,56,75,19.07000000000005,0.6400000000000003,bad
49,57,110,37.48000000000002,1.280000000000001,bad
49,58,20,4.960000000000036,1.2199999999999998,bad
49,59,228,70.65999999999997,0.9900000000000027,bad
49,60,59,14.649999999999977,0.31,bad
49,61,115,32.07999999999993,0.6000000000000005,bad
49,62,46,10.450000000000045,0.15000000000000013,bad
49,63,21,5.6299999999999955,0.4299999999999999,bad
49,64,3,0.2300000000000182,0.51,bad
49,65,38,10.67999999999995,0.59,bad
49,66,69,17.519999999999982,0.25,bad
49,67,5,1.6099999999999,0.03,bad
49,69,236,69.82000000000005,0.10000000000000028,bad
49,70,97,22.930000000000064,0.16999999999999998,bad
49,71,86,24.049999999999955,0.3999999999999993,bad
49,72,51,12.17999999999995,0.040000000000000015,bad
49,73,4,0.6599999999999682,0.39,bad
49,74,2,0.12999999999999545,0.11,bad
49,75,97,30.329999999999927,0.029999999999999957,bad
49,76,51,11.370000000000118,0.24000000000000019,bad
49,77,112,35.210000000000036,0.7199999999999992,bad
50,1,105,34.34,0.46999999999999936,bad
50,2,41,11.200000000000003,0.3200000000000002,bad
50,3,53,20.740000000000002,0.6400000000000003,bad
50,4,52,12.079999999999998,0.48999999999999955,bad
50,5,51,17.89,0.4400000000000002,bad
50,7,86,25.689999999999998,0.5600000000000005,bad
50,9,20,5.289999999999992,0.21000000000000002,bad
50,10,53,13.800000000000011,0.11000000000000007,bad
50,11,21,6.3700000000000045,0.3600000000000001,bad
50,12,44,13.01000000000002,0.030000000000000023,bad
50,13,147,51.599999999999994,0.029999999999999947,bad
50,14,2,0.5699999999999932,0.03,bad
50,15,10,1.950000000000017,0.39999999999999997,bad
50,16,78,22.29000000000002,0.029999999999999992,bad
50,17,86,27.399999999999977,0.26000000000000034,bad
50,18,80,18.659999999999968,0.02999999999999999,bad
50,19,89,32.110000000000014,0.4600000000000007,bad
50,20,95,30.78000000000003,0.11999999999999983,bad
50,21,70,24.029999999999973,1.3499999999999988,bad
50,22,25,7.069999999999993,0.030000000000000016,bad
50,23,58,18.75,0.030000000000000023,bad
50,24,42,11.129999999999995,0.2899999999999997,bad
50,25,23,6.520000000000039,0.84,bad
50,26,4,1.3100000000000023,0.3,bad
50,27,109,42.870000000000005,0.26999999999999963,bad
50,28,31,6.3799999999999955,0.16000000000000006,bad
50,29,39,18.389999999999986,0.26999999999999974,bad
50,31,94,34.059999999999945,0.02999999999999996,bad
50,32,56,13.789999999999964,0.19999999999999987,bad
50,33,77,27.06000000000006,0.700000000000001,bad
50,34,29,6.860000000000014,0.49000000000000016,bad
50,35,93,38.83000000000004,0.5099999999999999,bad
50,36,41,8.990000000000009,0.10000000000000003,bad
50,37,74,22.289999999999964,1.1099999999999997,bad
50,39,10,4.399999999999977,0.030000000000000006,bad
50,40,4,0.8300000000000409,0.03,bad
50,41,133,46.0,0.19999999999999954,bad
50,42,2,0.14999999999997726,0.03,bad
50,43,13,3.6099999999999,0.03000000000000001,bad
50,44,39,10.190000000000055,0.3399999999999999,bad
50,45,165,57.98000000000002,0.029999999999999978,bad
50,46,47,12.529999999999973,0.24000000000000019,bad
50,47,66,21.57000000000005,0.060000000000000046,bad
50,48,25,6.909999999999968,0.030000000000000016,bad
50,49,119,42.01999999999998,1.1700000000000004,bad
50,50,6,1.0399999999999636,0.16,bad
50,51,4,0.9599999999999227,0.03,bad
50,52,5,0.7400000000000091,0.22000000000000003,bad
50,53,33,10.75,0.040000000000000015,bad
50,54,57,14.809999999999945,0.38,bad
50,57,18,3.3600000000000136,0.09000000000000002,bad
50,58,16,3.8600000000000136,0.5499999999999999,bad
50,59,10,2.0200000000000955,0.09999999999999999,bad
50,60,7,2.42999999999995,0.09999999999999999,bad
50,61,12,2.300000000000068,0.6799999999999998,bad
50,62,24,6.969999999999914,0.1400000000000001,bad
50,63,39,9.990000000000009,1.43,bad
50,64,9,2.160000000000082,0.08999999999999998,bad
50,65,35,8.329999999999927,0.9600000000000006,bad
